0.000000000000000000e+00
0.000000000000000000e+00
0.000000000000000000e+00
1.781738374683818071e-02
6.513642788316179044e-02
1.101721559394568534e-01
1.530347462258829783e-01
1.938290605481810536e-01
2.326549007483581233e-01
2.696150804275754265e-01
3.047839693729161303e-01
3.382558314422637324e-01
3.701125543580972566e-01
4.004320744622849593e-01
4.292885673845797667e-01
4.567584471816742986e-01
4.828969876409109907e-01
5.077742484012781610e-01
5.314510907982149535e-01
5.539854393862431170e-01
5.754324236493330025e-01
5.958488367354182191e-01
6.152592985842086915e-01
6.337691795961781782e-01
6.513476695833310126e-01
6.681143110180323141e-01
6.840372787771167307e-01
6.992248569586327900e-01
7.136482176933796051e-01
7.274054470059995170e-01
7.404981368576419865e-01
7.529320210794347989e-01
7.647916562665161289e-01
7.760545313899478437e-01
7.867972396007448799e-01
7.969993899331149212e-01
8.067303620820758248e-01
8.159716854798413355e-01
8.247862057205272990e-01
8.331571917734497124e-01
8.411415705060266701e-01
8.487241865970474031e-01
8.559566056061919115e-01
8.628250995231937504e-01
8.693763775218706913e-01
8.755980044803761686e-01
8.815322905555721400e-01
8.871679717512684915e-01
8.925433735017936909e-01
8.976482926413291707e-01
9.025174451583138913e-01
9.071415888095015756e-01
9.115521700709567909e-01
9.157408171234082683e-01
9.197360148495099530e-01
9.235301798784238958e-01
9.271491144188978017e-01
9.305859492933492572e-01
9.338640566878023686e-01
9.369838159387859911e-01
9.399465933180829458e-01
9.427725371850376179e-01
9.454562835547410948e-01
9.480160832369316504e-01
9.504470774207085526e-01
9.527657980752710642e-01
9.549678439870127322e-01
9.570681901630442301e-01
9.590628498910590549e-01
9.609653878490012069e-01
9.627721927886028208e-01
9.644955518818404405e-01
9.661321939837079764e-01
9.676932490742763404e-01
9.691757540812616645e-01
9.705897907758492815e-01
9.719326751445385160e-01
9.732135394687516650e-01
9.744299525123318872e-01
9.755901864888060215e-01
9.766920391330783380e-01
9.777430035909979722e-01
9.787410850042952415e-01
9.796930708228511753e-01
9.805971540618830806e-01
9.814594829369485129e-01
9.822784206430401621e-01
9.830595363637550932e-01
9.838013474465230335e-01
9.845088985755533484e-01
9.851822716273549441e-01
9.858217614998754375e-01
9.864317170422177705e-01
9.870109804846319834e-01
9.875634911065507282e-01
9.880882001756641220e-01
9.885886759745405872e-01
9.890639685392886848e-01
9.895173100956758949e-01
9.899478401463314148e-01
9.903584865096698442e-01
9.907484697289858921e-01
9.911204418840802166e-01
9.914736969265948163e-01
9.918106371664657805e-01
9.921306230501683032e-01
9.924358306408160857e-01
9.927256806173089254e-01
9.930021441036074314e-01
9.932646963384148542e-01
9.935151228074752261e-01
9.937529481709148627e-01
9.939797897594577769e-01
9.941952170001996381e-01
9.944006949054934319e-01
9.945958334533020473e-01
9.947819596827783828e-01
9.949587203037181249e-01
9.951273173762332780e-01
9.952877704100655532e-01
9.954401496742436573e-01
9.955854914235308106e-01
9.957235197816227679e-01
9.958551734099855279e-01
9.959802024140321786e-01
9.960994570531573888e-01
9.962127109675630310e-01
9.963207343401794258e-01
9.964233221295167864e-01
9.965211719835516124e-01
9.966140981713691449e-01
9.967027326372515095e-01
9.967869071422102989e-01
9.968671941147329019e-01
9.969434411603880219e-01
9.970161667969975605e-01
9.970852329824649862e-01
9.971511094011927812e-01
9.972136710117318614e-01
9.972733432641410767e-01
9.973300128932329756e-01
9.973840652806632567e-01
9.974353978284310474e-01
9.974843596233851084e-01
9.975308577300879831e-01
9.975752083587853258e-01
9.976173273265936947e-01
9.976575010634367580e-01
9.976957342181451693e-01
9.977320435346006544e-01
9.977666759342092018e-01
9.977995656804672375e-01
9.978309364400028691e-01
9.978607286673017995e-01
9.978891449643232381e-01
9.979161313934818978e-01
9.979418714759141773e-01
9.979663163538154969e-01
9.979896322645102069e-01
9.980117749515658998e-01
9.980328949962644636e-01
9.980529523101945300e-01
9.980720832930635167e-01
9.980902516319409834e-01
9.981075808805649485e-01
9.981240381459156596e-01
9.981397353455803145e-01
9.981546426843660447e-01
9.981688615395890585e-01
9.981823649221340800e-01
9.981952446617164965e-01
9.982074763110253546e-01
9.982191430513578378e-01
9.982302227378228032e-01
9.982407907177973660e-01
9.982508269319712024e-01
9.982603996315908557e-01
9.982695099243914516e-01
9.982781618001475010e-01
9.982864140959161192e-01
9.982942511478368752e-01
9.983017262517598356e-01
9.983088252190290834e-01
9.983155963261519661e-01
9.983220267207442156e-01
9.983281601326862154e-01
9.983339849200167926e-01
9.983395406941860672e-01
9.983448169096595937e-01
9.983498494473257434e-01
9.983546287548165088e-01
9.983591873337992473e-01
9.983635165315370985e-01
9.983676457887271649e-01
9.983715672675375075e-01
9.983753076359739298e-01
