0.000000000000000000e+00
0.000000000000000000e+00
0.000000000000000000e+00
2.826379651799592121e-02
1.018452716575342920e-01
1.698461283086863116e-01
2.326896157016946354e-01
2.907668826981286148e-01
3.444394123698403254e-01
3.940516239500674867e-01
4.398907589323454159e-01
4.822533296885239684e-01
5.214030082713777547e-01
5.575834691306195134e-01
5.910199057853108284e-01
6.219268814756275798e-01
6.504833393604249059e-01
6.768739980881313123e-01
7.012631177363717327e-01
7.238025004533219509e-01
7.446324353008387797e-01
7.638865889838918344e-01
7.816615861666348364e-01
7.981204877032732625e-01
8.132980896334396359e-01
8.273550892961810677e-01
8.403177736368486750e-01
8.523233889009318442e-01
8.633943858930072102e-01
8.736479820605610458e-01
8.831231062368951612e-01
8.918606068937383613e-01
8.999529948975591997e-01
9.074154032188579411e-01
9.143268423077459683e-01
9.207002367303459556e-01
9.266030666807704153e-01
9.320463706005108762e-01
9.370877810760293025e-01
9.417367256725847069e-01
9.460424264629045954e-01
9.500129352165056495e-01
9.536902908664354195e-01
9.570813701608851254e-01
9.602220771525254994e-01
9.631182850429669262e-01
9.658006582878629898e-01
9.682742129931108943e-01
9.705651386490494748e-01
9.726777193446710656e-01
9.746343226514717628e-01
9.764386074671845828e-01
9.781096771897047626e-01
9.796506567617317973e-01
9.810778617591972006e-01
9.823939610915891629e-01
9.836128893489443081e-01
9.847369259579722423e-01
9.857779719879521396e-01
9.867399798772966690e-01
9.876270969650103870e-01
9.884487158650303584e-01
9.892063730255064025e-01
9.899080903651947816e-01
9.905551801132910228e-01
9.911544935234467557e-01
9.917071513269157812e-01
9.922190049512710219e-01
9.926910115757522357e-01
9.931281687097759381e-01
9.935312938482533385e-01
9.939046551975424526e-01
9.942489509528215086e-01
9.945678264469942631e-01
9.948618779853103389e-01
9.951342189252002646e-01
9.953853585511184265e-01
9.956179558779607586e-01
9.958324458686188541e-01
9.960310994991602440e-01
9.962142882569050562e-01
9.963839517068812102e-01
9.965404071240366868e-01
9.966853110262675619e-01
9.968189343875407671e-01
9.969426919846231527e-01
9.970568152473554546e-01
9.971625124894573089e-01
9.972599813674482006e-01
9.973502538618350677e-01
9.974336727014347925e-01
9.975105975155302840e-01
9.975818427682897616e-01
9.976475416901400273e-01
9.977083898878027490e-01
9.977645011489482130e-01
9.978164695681115415e-01
9.978643923275523075e-01
9.979087768236272193e-01
9.979497060564679334e-01
9.979876133764047363e-01
9.980225696710856020e-01
9.980549450505954434e-01
9.980848000577141610e-01
9.981124507911387500e-01
9.981379489584413234e-01
9.981615645289919625e-01
9.981833416645058410e-01
9.982035109368310177e-01
9.982221100630177535e-01
9.982393359668024768e-01
9.982552208610617761e-01
9.982699329318006631e-01
9.982834996909643044e-01
9.982960647806184973e-01
9.983076516977990034e-01
9.983183831224105020e-01
9.983282791224890040e-01
9.983374444748553955e-01
9.983459139767132395e-01
9.983537241411679641e-01
9.983609576606404801e-01
9.983676280619950827e-01
9.983738059700746348e-01
9.983795029377235952e-01
9.983847792832681867e-01
9.983896448736080398e-01
9.983941512246166106e-01
9.983983067632845598e-01
9.984021554876034710e-01
9.984057045947856146e-01
9.984089916620503269e-01
9.984120228362965976e-01
9.984148302109764339e-01
9.984174190359514922e-01
9.984198167211700836e-01
9.984220277503640384e-01
9.984240755334579109e-01
9.984259638998573827e-01
9.984277128431993109e-01
9.984293256340519562e-01
9.984308193483142357e-01
9.984321967792698649e-01
9.984334725108752195e-01
9.984346489287810877e-01
9.984357384886589637e-01
9.984367432280134569e-01
9.984376737848188466e-01
9.984385336920301723e-01
9.984393266568168945e-01
9.984400610749281091e-01
9.984407383197438923e-01
9.984413655617938588e-01
9.984419439740365165e-01
9.984424796805819735e-01
9.984429736832152180e-01
9.984434312123348088e-01
9.984438531235317882e-01
9.984442438839155054e-01
9.984446042242177688e-01
9.984449379596477270e-01
9.984452457142992676e-01
9.984455307466154617e-01
9.984457935896140501e-01
9.984460370262226991e-01
9.984462615116741491e-01
9.984464694227743742e-01
9.984466611483222565e-01
9.984468387182686699e-01
9.984470024646739938e-01
9.984471541212517343e-01
9.984472939716031448e-01
9.984474234964353379e-01
9.984475429379630063e-01
9.984476535608086678e-01
9.984477555718396236e-01
9.984478500511277943e-01
9.984479373573736938e-01
9.984480178669655759e-01
9.984480924323226869e-01
9.984481611928838207e-01
9.984482248766720636e-01
9.984482836027773756e-01
9.984483379929798286e-01
9.984483881489907287e-01
9.984484346018512868e-01
9.984484774384297934e-01
9.984485171122710057e-01
9.984485536975660214e-01
9.984485875816725420e-01
9.984486188279546592e-01
9.984486477672415150e-01
9.984486744536503755e-01
9.984486991697315572e-01
9.984487219617046438e-01
9.984487430708864908e-01
