2.192921795178785077e-02
6.438036517840588224e-02
1.049860813815210320e-01
1.438348392458706215e-01
1.809865203762125174e-01
2.165231482179537648e-01
2.505149321679684959e-01
2.830290294889106772e-01
3.141296779912157167e-01
3.438846404956721892e-01
3.723397814005836026e-01
3.995579239383189041e-01
4.255928427489517607e-01
4.504959747880508680e-01
4.743165209502122059e-01
4.971063819988735255e-01
5.189006863017567861e-01
5.397475513026701588e-01
5.596881639658060070e-01
5.787619207807417343e-01
5.970065055977306079e-01
6.144616701451400820e-01
6.311401398418146069e-01
6.471246996108658278e-01
6.623812087843208296e-01
6.770062186270634497e-01
6.909651014522060208e-01
7.043461964583036528e-01
7.171178211799720259e-01
7.293608012181059808e-01
7.410709908245399768e-01
7.522478150683561404e-01
7.629620068089425500e-01
7.731881980170922652e-01
7.829911054432010520e-01
7.923475187091156835e-01
8.013166501500653682e-01
8.098772635222090122e-01
8.180835349178539051e-01
8.259160343195529608e-01
8.334243299290383655e-01
8.405906443285698915e-01
8.474603297485933107e-01
8.540171208109448298e-01
8.603025123597889401e-01
8.663016224516016939e-01
8.720524166302012770e-01
8.775412787201244402e-01
8.828029451457740651e-01
8.878249578411758769e-01
8.926390987606741545e-01
8.972339694459984250e-01
9.016386486707794745e-01
9.058427074606318907e-01
9.098727513246657184e-01
9.137192383139479679e-01
9.174065110339821860e-01
9.209258391162703505e-01
9.242994947315965604e-01
9.275263354843569230e-01
9.306062029475249409e-01
9.335585881524934848e-01
9.363765007265004714e-01
9.390777739117548428e-01
9.416560118943005930e-01
9.441275311286790872e-01
9.464864797901662019e-01
9.487477865544160505e-01
9.509060973175045284e-01
9.529750710122726343e-01
9.549498089224764952e-01
9.568428082347845143e-01
9.586495868881127480e-01
9.603815791340556407e-01
9.620346841285231099e-01
9.636193635948612224e-01
9.651318654819625031e-01
9.665817617022924857e-01
9.679656193315061552e-01
9.692921961531173469e-01
9.705583512265519852e-01
9.717720974512545906e-01
9.729305610360493572e-01
9.740410733516424724e-01
9.751010050341456514e-01
9.761170638922370690e-01
9.770868441998097342e-01
9.780164832399266261e-01
9.789037799029857156e-01
9.797543494718914392e-01
9.805679039246737450e-01
9.813444033185456661e-01
9.820887617526505853e-01
9.827992168069241696e-01
9.834802646169733542e-01
9.841302926635197013e-01
9.847534146680826384e-01
9.853481552625157347e-01
9.859182782800797185e-01
9.864624338385146185e-01
9.869840656422000924e-01
9.874819386216924233e-01
9.879592035807160944e-01
9.884147304973603942e-01
9.888514021870512538e-01
9.892681847407038820e-01
9.896677157789086632e-01
9.900490493306310924e-01
9.904145986764154586e-01
9.907634983037988397e-01
9.910979562342859817e-01
9.914171805706664120e-01
9.917231915334974168e-01
9.920152645795533575e-01
9.922952481016554804e-01
9.925624791818404846e-01
9.928186489998218622e-01
9.930631510214265045e-01
9.932975325848550918e-01
9.935217143232434323e-01
9.937356852300223142e-01
9.939407994263381729e-01
9.941365712625921391e-01
9.943242396865806798e-01
9.945033603551204360e-01
9.946750668386056260e-01
9.948389525869955063e-01
9.949960547560459112e-01
9.951460013744023447e-01
9.952897413836284679e-01
9.954269344500022987e-01
9.955584488038599078e-01
9.956839730582067727e-01
9.958043015969605394e-01
9.959191495178196796e-01
9.960292436392131910e-01
9.961343232909053436e-01
9.962350534725475937e-01
9.963311956849371098e-01
9.964233583668792305e-01
9.965113233044700092e-01
9.965956471863918198e-01
9.966761303586948451e-01
9.967532821614908389e-01
9.968269199221869714e-01
9.968975096595074081e-01
9.969648842378842080e-01
9.970294700393089737e-01
9.970912451935779464e-01
9.971502066677387921e-01
9.972067276012066550e-01
9.972606741691700805e-01
9.973123877740632803e-01
9.973617459734034352e-01
9.974090611320000077e-01
9.974542212215864456e-01
9.974975120391117445e-01
9.975388310847559392e-01
9.975784398473090953e-01
9.976162445449655580e-01
9.976524844258610747e-01
9.976870736847029963e-01
9.977202312206285839e-01
9.977518785264241075e-01
9.977822158829906529e-01
9.978111714604631644e-01
9.978389285050610624e-01
9.978654212963331549e-01
9.978908174946842236e-01
9.979150569694469342e-01
9.979382931208468088e-01
9.979604709325669010e-01
9.979817307575381546e-01
9.980020222587983048e-01
9.980214738517073636e-01
9.980400394806606679e-01
9.980578366387846678e-01
9.980748592995615232e-01
9.980911066272358800e-01
9.981066814434966794e-01
9.981215468717968831e-01
9.981357969884345760e-01
9.981493980533588939e-01
9.981624361413073965e-01
9.981748803819536775e-01
9.981868095290388210e-01
9.981981953378797900e-01
9.982091098639009896e-01
9.982195272647411688e-01
9.982295134672262149e-01
9.982390448269898853e-01
9.982481816635213612e-01
9.982569023435006184e-01
9.982652620560066303e-01
9.982732410077186369e-01
9.982808896936661291e-01
