0.000000000000000000e+00
4.234122862287079819e-02
8.728129312508030313e-02
1.301181117653232022e-01
1.709323874095015072e-01
2.098282640666929155e-01
2.468959125071776006e-01
2.822212651921731097e-01
3.158862154876552197e-01
3.479756080222264347e-01
3.785498979376272777e-01
4.076871003174584729e-01
4.354547627839412960e-01
4.619172580091601144e-01
4.871359329476786515e-01
5.111743453677463078e-01
5.340777826841530684e-01
5.559046866001050580e-01
5.767056575624387449e-01
5.965289176382587710e-01
6.154204223062460510e-01
6.334277831827328509e-01
6.505703779269136344e-01
6.669390939912784866e-01
6.825045844875147205e-01
6.973707018672686830e-01
7.115073273594937353e-01
7.250087800745146360e-01
7.378477060534773813e-01
7.501097661973183950e-01
7.617948602152658788e-01
7.729065576244446012e-01
7.835189953123610218e-01
7.936106724679553581e-01
8.032489204364291480e-01
8.124142121162241104e-01
8.211676980384607916e-01
8.294916436305124208e-01
8.374415859894792646e-01
8.450014185229250963e-01
8.522215801902151000e-01
8.590874429354401487e-01
8.656448155738722949e-01
8.718804128609437543e-01
8.778358385010733844e-01
8.834990267950098008e-01
8.889077623527915639e-01
8.940510870699078794e-01
8.989633170433437570e-01
9.036345000894776547e-01
9.080958021912608480e-01
9.123381847454626881e-01
9.163899527919521226e-01
9.202428974439693654e-01
9.239227254242334819e-01
9.274219813969900583e-01
9.307640122854726750e-01
9.339420471312267491e-01
9.369772896804640094e-01
9.398697151080891432e-01
9.426202069809846984e-01
9.452471164924074465e-01
9.477451215206419421e-01
9.501308886748428550e-01
9.523995843879901058e-01
9.545663453248680597e-01
9.566267816253067879e-01
9.585946404539915644e-01
9.604659349266539969e-01
9.622531502597919673e-01
9.639526655530681332e-01
9.655758199178240409e-01
9.671193248414347021e-01
9.685934785390758472e-01
9.699952943736469546e-01
9.713341252152815075e-01
9.726072585911423873e-01
9.738231888061397168e-01
9.749794523842484351e-01
9.760837638788496529e-01
9.771338859535748655e-01
9.781368249891105870e-01
9.790905490298081881e-01
9.800014212917731449e-01
9.808675963467470282e-01
9.816948532868202681e-01
9.824815160884733389e-01
9.832328333406015197e-01
9.839472828735810195e-01
9.846296314717027931e-01
9.852798735540719832e-01
9.858982077541136313e-01
9.864887595777108720e-01
9.870503325661842409e-01
9.875866735164398058e-01
9.880966958010902745e-01
9.885838022724051655e-01
9.890470060521086015e-01
9.894893976209114816e-01
9.899100806929825858e-01
9.903118620522399773e-01
9.906939276891838508e-01
9.910588267334479173e-01
9.914058198991454463e-01
9.917372223135105802e-01
9.920523625548678393e-01
9.923533432287653389e-01
9.926395545480085625e-01
9.929129061053085792e-01
9.931728440900933208e-01
9.934211028002316590e-01
9.936571792632892253e-01
9.938826485738295746e-01
9.940970539307683040e-01
9.943018258397466891e-01
9.944965494326397648e-01
9.946825238989924767e-01
9.948593724543204342e-01
9.950282750264930476e-01
9.951892302340651364e-01
9.953422872450077286e-01
9.954884672507723353e-01
9.956274740904975662e-01
9.957602352133446688e-01
9.958864816451246105e-01
9.960070556979672141e-01
9.961217130887018989e-01
9.962312188077492303e-01
9.963353509963958077e-01
9.964348044212528732e-01
9.965293775895663897e-01
9.966197014904716323e-01
9.967055931276406211e-01
9.967876255673124852e-01
9.968656326116690503e-01
9.969401347212000219e-01
9.970109809545451007e-01
9.970786439954928415e-01
9.971429867586441009e-01
9.972044385368438180e-01
9.972628748287181155e-01
9.973186855193255651e-01
9.973717575361427112e-01
9.974224449739571563e-01
9.974706451399617535e-01
9.975166796241122791e-01
9.975604551604907444e-01
9.976022638180671587e-01
9.976421052548903878e-01
9.976799916415678426e-01
9.977161757548522747e-01
9.977505842856879692e-01
9.977834468066855145e-01
9.978146967383392241e-01
9.978445425791871992e-01
9.978729238615213770e-01
9.979000299443443467e-01
9.979258059107005696e-01
9.979504237370080411e-01
9.979738335475222266e-01
9.979961915317454579e-01
9.980174523923759367e-01
9.980377579811912092e-01
9.980570671590449638e-01
9.980755087561504757e-01
9.980930454098105864e-01
9.981097941240141269e-01
9.981257209658467300e-01
9.981409321986844940e-01
9.981553970045520252e-01
9.981692118921684509e-01
9.981823488725556359e-01
9.981948955952240077e-01
9.982068266404986456e-01
9.982182216119298568e-01
9.982290574232921543e-01
9.982394063707702436e-01
9.982492683697207214e-01
9.982586464327485309e-01
9.982676031299886343e-01
9.982761203151617746e-01
9.982842548146533268e-01
9.982919901479581082e-01
9.982993779249708099e-01
9.983064031780468639e-01
9.983131127794483417e-01
9.983194931355153789e-01
9.983255868157780988e-01
9.983313814744331216e-01
9.983369157732568944e-01
9.983421784997531523e-01
9.983472047666640536e-01
9.983519843907666669e-01
9.983565492615595893e-01
9.983608901306090244e-01
9.983650359600535484e-01
