6.075051704960667681e-02
8.879182015320292998e-02
1.190261639684634248e-01
1.505691918961052644e-01
1.827355808337240428e-01
2.150298279874801599e-01
2.470798837973283701e-01
2.786136929233237192e-01
3.094358594311535926e-01
3.394160288082780363e-01
3.684491174493073062e-01
3.964836506741300504e-01
4.234872275384103379e-01
4.494467407250734015e-01
4.743634612480830959e-01
4.982543359305777741e-01
5.211285649472752191e-01
5.430164950722062844e-01
5.639469551275173576e-01
5.839512619959740247e-01
6.030622407164129006e-01
6.213173578251137696e-01
6.387277151244842299e-01
6.553788720281251701e-01
6.712355312963178555e-01
6.863990856628844339e-01
7.008352412778454665e-01
7.146373753282474484e-01
7.277750963952647201e-01
7.403340219105337683e-01
7.523123650484109248e-01
7.637122820365312981e-01
7.746085626567996707e-01
7.849780254557288117e-01
7.948888770598201425e-01
8.043201692173848061e-01
8.133340437354209529e-01
8.219115301770351101e-01
8.301092082859573562e-01
8.379098744396262788e-01
8.453650223195349200e-01
8.524590359658991146e-01
8.592387671273398198e-01
8.656900322163298966e-01
8.718554516768237672e-01
8.777221376451918022e-01
8.833288567172328243e-01
8.886638952263561375e-01
8.937625115897798178e-01
8.986140574650622881e-01
9.032505988828677390e-01
9.076624548018694671e-01
9.118787869064857166e-01
9.158907929061989028e-01
9.197249925942903026e-01
9.233733822590121099e-01
9.268600787823804144e-01
9.301778043369528515e-01
9.333484904006026373e-01
9.363719230958761353e-01
9.392488342671255763e-01
9.419982417298917721e-01
9.446144070909923141e-01
9.471146246114803269e-01
9.494936760731730319e-01
9.517672883496411940e-01
9.539307162204218038e-01
9.559982612031399096e-01
9.579656081862772954e-01
9.598457625012626337e-01
9.616348001515105937e-01
9.633445477514597233e-01
9.649714369641761991e-01
9.665262225135607954e-01
9.680056594832358030e-01
9.694195278532546922e-01
9.707648768123011696e-01
9.720505999398684205e-01
9.732740138721759360e-01
9.744432061253543997e-01
9.755557365423085381e-01
9.766189596321999122e-01
9.776306564011746358e-01
9.785975147866946555e-01
9.795175169128120807e-01
9.803967445594164998e-01
9.812333627400534608e-01
9.820329020156738364e-01
9.827936937131028783e-01
9.835207671337160562e-01
9.842140733611354220e-01
9.848737803165975579e-01
9.855042490692217383e-01
9.861041638035252799e-01
9.866774903252729656e-01
9.872230320773113244e-01
9.877443954265369142e-01
9.882404922651938373e-01
9.887146020988691886e-01
9.891657354399384650e-01
9.895968745575902670e-01
9.900071196459403478e-01
9.903991826776524787e-01
9.907722454003184964e-01
9.911287739882709280e-01
9.914680243510159974e-01
9.917922391423674711e-01
9.921007417121153749e-01
9.923955714522278981e-01
9.926761130403611855e-01
9.929442210291767879e-01
9.931993358657754678e-01
9.934431440163326021e-01
9.936751366427566401e-01
9.938968473591746067e-01
9.941078134457903559e-01
9.943094295183543263e-01
9.945012747954559140e-01
9.946846174925196848e-01
9.948594452745819217e-01
9.950258004855935257e-01
9.951847828359452475e-01
9.953360605226371227e-01
9.954806335843390253e-01
9.956182002908562367e-01
9.957496700428357661e-01
9.958747684572536452e-01
9.959943225116679733e-01
9.961080826916276498e-01
9.962168010219787373e-01
9.963202506028923100e-01
9.964191152998048695e-01
9.965131887778440056e-01
9.966030929206325384e-01
9.966886400943595348e-01
9.967703958185254454e-01
9.968481894654194209e-01
9.969225352989546929e-01
9.969932781561807733e-01
9.970608856909491946e-01
9.971252168034285823e-01
9.971866967618892019e-01
9.972451972550145927e-01
9.973011050070906824e-01
9.973543033362354260e-01
9.974051439161651933e-01
9.974535206404044896e-01
9.974997533088918455e-01
9.975438388111775856e-01
9.975857878249370092e-01
9.976258776589845834e-01
9.976640246441131898e-01
9.977004809553863263e-01
9.977351705069154031e-01
9.977683226179986375e-01
9.977998680987548719e-01
9.978300154842386638e-01
9.978587018555603594e-01
9.978861168473003307e-01
9.979122032431921863e-01
9.979371334903774926e-01
9.979608555583586726e-01
9.979835262646137295e-01
9.980050982944040916e-01
9.980257142521313796e-01
9.980453311114054760e-01
9.980640785517468361e-01
9.980819174464415910e-01
9.980989657215690869e-01
9.981151877966464303e-01
9.981306909095798430e-01
9.981454427047061762e-01
9.981595407004757448e-01
9.981729554737652776e-01
9.981857757044874102e-01
9.981979746362695805e-01
9.982096329115631717e-01
9.982207497460207080e-01
9.982313278321814920e-01
9.982414370977094054e-01
9.982510564441325895e-01
9.982602494612548005e-01
9.982689969628543158e-01
9.982773567753032706e-01
9.982853114513140502e-01
9.982929135761934303e-01
9.983001472839803103e-01
9.983070603939376841e-01
9.983136384781079453e-01
9.983199250216784337e-01
9.983259069043624034e-01
9.983316236700882085e-01
9.983370633877199918e-01
9.983422620171413797e-01
9.983472087085891733e-01
9.983519361627400945e-01
