4.105702457512429987e-03
2.842477547390168460e-02
6.263622812243138660e-02
1.000307004652673526e-01
1.377742650356310605e-01
1.747178357362837720e-01
2.104098926170045181e-01
2.446977617276556161e-01
2.775543938657232257e-01
3.090112980351126803e-01
3.391001754003902247e-01
3.678805866377727329e-01
3.954067395904825588e-01
4.217321476841440764e-01
4.469087007739278583e-01
4.709914398653487488e-01
4.940177943271308325e-01
5.160389528897268985e-01
5.370987803977517183e-01
5.572392367712242223e-01
5.765004544186134172e-01
5.949247270161924783e-01
6.125258053369599942e-01
6.293913506096870947e-01
6.454856292838770937e-01
6.609107704235709368e-01
6.756305150340874421e-01
6.897382698681535640e-01
7.032008726505359908e-01
7.161037527237168465e-01
7.284427534742741184e-01
7.402174878498922750e-01
7.515026745248830631e-01
7.622717860730356954e-01
7.725931598099774478e-01
7.824425338880622860e-01
7.918824092649848767e-01
8.008905961795800277e-01
8.095242576865573358e-01
8.177630991443926023e-01
8.256594015891556282e-01
8.331946036460049498e-01
8.404165212818510700e-01
8.473081783586539073e-01
8.539133071140169173e-01
8.602163812593310865e-01
8.662573980743630830e-01
8.720221572953428257e-01
8.775472402287932683e-01
8.828196593864474639e-01
8.878728718432553624e-01
8.926949993091923830e-01
8.973166414530673318e-01
9.017269344518678009e-01
9.059538646054305921e-01
9.099874959170592970e-01
9.138534245127593048e-01
9.175425629810145534e-01
9.210783214071278646e-01
9.244595607602419385e-01
9.276861749770245469e-01
9.307786391127501613e-01
9.337296838934258103e-01
9.365580356993815636e-01
9.392570460899812845e-01
9.418438421164376795e-01
9.443123431491118325e-01
9.466782135010246568e-01
9.489358918595578452e-01
9.510997047248993530e-01
9.531645657491085721e-01
9.551435778756317552e-01
9.570320891567817290e-01
9.588420834772971579e-01
9.605693061897297991e-01
9.622247176934747293e-01
9.638044267098417883e-01
9.653184575637899778e-01
9.667632513118273874e-01
9.681479761500453307e-01
9.694693770870157490e-01
9.707358393077675229e-01
9.719443858138678838e-01
9.731026856524517266e-01
9.742080160760522300e-01
9.752673911557662167e-01
9.762783206807531533e-01
9.772472196843922099e-01
9.781718106326459106e-01
9.790579606820749570e-01
9.799053843628801053e-01
9.807140550929203116e-01
9.814891044363629469e-01
9.822287105301928944e-01
9.829375666766253516e-01
9.836140066091094702e-01
9.842623227977319589e-01
9.848809912836683500e-01
9.854739379380005326e-01
9.860397689558195733e-01
9.865820749186410277e-01
9.870995810596584485e-01
9.875955713062736230e-01
9.880688797633160325e-01
9.885225098939114385e-01
9.889553953763282612e-01
9.893702831625059702e-01
9.897661980000691528e-01
9.901456522371446800e-01
9.905077539129215625e-01
9.908548008080857450e-01
9.911859771398633390e-01
9.915033844466608626e-01
9.918062766177461187e-01
9.920965757093455073e-01
9.923735993324174220e-01
9.926391053897090089e-01
9.928924697717098624e-01
9.931353002472382840e-01
9.933675185893987569e-01
9.935891175139239806e-01
9.938015032162634821e-01
9.940041764538084523e-01
9.941984233256900838e-01
9.943837872271844569e-01
9.945614444179472491e-01
9.947309772896445468e-01
9.948934616433127154e-01
9.950485155365152989e-01
9.951971228913517598e-01
9.953389343852324656e-01
9.954748499082531898e-01
9.956045499717688374e-01
9.957288576106357869e-01
9.958474806221815356e-01
9.959611717498559891e-01
9.960696637465964454e-01
9.961736450676940136e-01
9.962728712903581307e-01
9.963679720722603550e-01
9.964587238655724377e-01
9.965457025519648404e-01
9.966287036757426332e-01
9.967082539353222526e-01
9.967841663365758498e-01
9.968569225951680046e-01
9.969263516872308717e-01
9.969928941874353079e-01
9.970565286593734422e-01
9.971172531069470990e-01
9.971754528679556140e-01
9.972309911356358469e-01
9.972842203379580495e-01
9.973350153521598482e-01
9.973836985070518857e-01
9.974301553659985498e-01
9.974746807292736994e-01
9.975171699337184172e-01
9.975578926021482218e-01
9.975967530101759184e-01
9.976339977534426362e-01
9.976695392829159070e-01
9.977036031337020994e-01
9.977361092339057658e-01
9.977672638567761654e-01
9.977969937689693536e-01
9.978254876269389007e-01
9.978526784518449988e-01
9.978787387879103354e-01
9.979036073766320847e-01
9.979274420260697553e-01
9.979501867095118550e-01
9.979719857573984276e-01
9.979927879279864023e-01
9.980127252251553838e-01
9.980317507834701729e-01
9.980499853330003779e-01
9.980674229995564195e-01
9.980840632361508424e-01
9.981000116363686336e-01
9.981152307112415301e-01
9.981298170361196931e-01
9.981437363237856131e-01
9.981570769015581934e-01
9.981698074105243013e-01
9.981820086343962117e-01
9.981936518924728885e-01
9.982048110691225107e-01
9.982154599331231060e-01
9.982256660587383035e-01
9.982354054550274247e-01
9.982447399250645725e-01
9.982536475268585230e-01
9.982621847851833596e-01
9.982703316320068465e-01
9.982781397645964505e-01
