0.000000000000000000e+00
0.000000000000000000e+00
0.000000000000000000e+00
0.000000000000000000e+00
0.000000000000000000e+00
0.000000000000000000e+00
0.000000000000000000e+00
1.186286478891087487e-02
6.044206857356112378e-02
1.066465181930653372e-01
1.505732176100591513e-01
1.923437523978752672e-01
2.320639590060948332e-01
2.698344788477474165e-01
3.057510133003515373e-01
3.399117976964698973e-01
3.723885509177352615e-01
4.032711660067117010e-01
4.326378920533711647e-01
4.605631372508671717e-01
4.871176574279291183e-01
5.123740818668749419e-01
5.363650984427864588e-01
5.592230133715326845e-01
5.809117763433847559e-01
6.015807798344974255e-01
6.211925912783908821e-01
6.398822970825877032e-01
6.576160492845918304e-01
6.745159981958989137e-01
6.905855262271142214e-01
7.058331192654561104e-01
7.203638029263713660e-01
7.341512614379182011e-01
7.472904629902875628e-01
7.597576118530364742e-01
7.716385819066446938e-01
7.829118561388590525e-01
7.936550850064668650e-01
8.038488120016127336e-01
8.135632516459373464e-01
8.227808106187003423e-01
8.315649795837460889e-01
8.398998499855945266e-01
8.478428325179480085e-01
8.553795420547013473e-01
8.625618915473314274e-01
8.693768734130111753e-01
8.758714293338082379e-01
8.820337973543690424e-01
8.879064239442669981e-01
8.934786734922915974e-01
8.987889277244461850e-01
9.038275695130998377e-01
9.086293050871993016e-01
9.131854382710347107e-01
9.175273517681247215e-01
9.216471821628140493e-01
9.255733068994409507e-01
9.293065117653479534e-01
9.328487681660050379e-01
9.362244752087078847e-01
9.394275193244912003e-01
9.424799631221034701e-01
9.453762784779741191e-01
9.481364152492388619e-01
9.507553746945104356e-01
9.532511962398725336e-01
9.556193598316149451e-01
9.578761774107813487e-01
9.600175617714209464e-01
9.620582627963394362e-01
9.639945846771342808e-01
9.658398648236323769e-01
9.675907613441077082e-01
9.692593344361392083e-01
9.708425622330354443e-01
9.723513500280677180e-01
9.737829653334568736e-01
9.751472691336976473e-01
9.764417906085240961e-01
9.776754464383763388e-01
9.788460024127911829e-01
9.799615213362595778e-01
9.810199829499781643e-01
9.820286779510507547e-01
9.829857795439718160e-01
9.838978802567285298e-01
9.847633282307497460e-01
9.855880846827264063e-01
9.863723146820899679e-01
9.871164323596925971e-01
9.878255632075941817e-01
9.884984229554806268e-01
9.891396462698829328e-01
9.897480718643190123e-01
9.903278905820487310e-01
9.908780523432891840e-01
9.914023466692732933e-01
9.918998240375811459e-01
9.923739110786746753e-01
9.928237491979587936e-01
9.932524368861401776e-01
9.936591977690509836e-01
9.940468336208442279e-01
9.944146424142158436e-01
9.947651576208288438e-01
9.950977444406661210e-01
9.954146937359870106e-01
9.957154314962657349e-01
9.960020292070331793e-01
9.962739678259528997e-01
9.965331204697028822e-01
9.967790178002924328e-01
9.970133535616729770e-01
9.972357033604298815e-01
9.974475987448150338e-01
9.976486559620232342e-01
9.978402598967328618e-01
9.980224488971768393e-01
9.981953191724853847e-01
9.983600614553208574e-01
9.985163773894294437e-01
9.986653436809600493e-01
9.988066905447434696e-01
9.989413915797812349e-01
9.990692028359742238e-01
9.991910046788865518e-01
9.993065765194806271e-01
9.994167144180694518e-01
9.995212189095841193e-01
9.996208098222957306e-01
9.997153067922373015e-01
9.998053607157442180e-01
9.998908085007988111e-01
9.999722387128348045e-01
1.000049503877794344e+00
1.000123136199119411e+00
1.000193002325109770e+00
1.000259583494532922e+00
1.000322759125665817e+00
1.000382964373061956e+00
1.000440090202102450e+00
1.000494530096226464e+00
1.000546185462148685e+00
1.000595412102689430e+00
1.000642120866017670e+00
1.000686633482691601e+00
1.000728958861610840e+00
1.000769119353673631e+00
