0.000000000000000000e+00
0.000000000000000000e+00
0.000000000000000000e+00
0.000000000000000000e+00
0.000000000000000000e+00
0.000000000000000000e+00
0.000000000000000000e+00
1.882970974878964837e-02
9.454039234924839497e-02
1.644327388810209178e-01
2.289258580824329314e-01
2.884502918261604987e-01
3.433888380832602616e-01
3.940948032645170684e-01
4.408942743122346575e-01
4.840972244854896966e-01
5.239627198313895340e-01
5.607568936248311653e-01
5.947163669336513747e-01
6.260595310412806480e-01
6.549879519076498013e-01
6.816932350508371208e-01
7.063149594704670742e-01
7.290840520540200487e-01
7.500533560039188696e-01
7.694492367059694304e-01
7.873119651535256391e-01
8.038343709906348167e-01
8.190507591146036770e-01
8.331253917048773161e-01
8.461145542815216025e-01
8.580769852446709089e-01
8.691418200347106326e-01
8.793320321837602149e-01
8.887576258822341702e-01
8.974381711629152436e-01
9.054673752364083006e-01
9.128619088602232257e-01
9.197015966418250477e-01
9.260006395873667806e-01
9.318270363910342580e-01
9.371928841981213010e-01
9.421561077834289533e-01
9.467270121156814433e-01
9.509549404885392354e-01
9.548486712028187995e-01
9.584502374064715058e-01
9.617671169062996794e-01
9.648351156932625239e-01
9.676606037466694010e-01
9.702740824458139235e-01
9.726809780657358351e-01
9.749072732454820978e-01
9.769575903644003301e-01
9.788540627668664840e-01
9.806006280326530211e-01
9.822161404795362039e-01
9.837039543398922170e-01
9.850801306884858777e-01
9.863501729586030553e-01
9.875198244189578034e-01
9.886017115546598122e-01
9.895980806503877902e-01
9.905196875936664869e-01
9.913684458849787440e-01
9.921535179408993432e-01
9.928765337792671009e-01
9.935452984163851697e-01
9.941612003850391899e-01
9.947308883983710937e-01
9.952555452798138580e-01
9.957408347441798480e-01
9.961877643811266614e-01
9.966011588333766325e-01
9.969818764174709358e-01
9.973340270114967598e-01
9.976583417735002124e-01
9.979583217083972668e-01
9.982345896541068297e-01
9.984901279461545487e-01
9.987254671498193570e-01
9.989431477714415530e-01
9.991436217737342806e-01
9.993290532902797674e-01
9.994998273260944366e-01
9.996577874011444154e-01
9.998032614824462483e-01
9.999378199748460982e-01
1.000061742257467357e+00
1.000176366081691359e+00
1.000282149836858814e+00
1.000379571888568853e+00
1.000469683915998775e+00
1.000552673015620675e+00
1.000629435061689776e+00
1.000700129432575913e+00
1.000765519279910976e+00
1.000825740370364203e+00
1.000881442795631404e+00
1.000932742208723525e+00
1.000980192391085266e+00
1.001023891861881898e+00
1.001064312360546937e+00
1.001101537810757725e+00
1.001135970064355396e+00
1.001167680611831923e+00
1.001197011771193246e+00
1.001224024441706772e+00
1.001249010227404534e+00
1.001272021005405577e+00
1.001293305178978299e+00
1.001312906939713088e+00
1.001331037890252240e+00
1.001347735675259143e+00
1.001363180548715981e+00
1.001377404578276620e+00
1.001390561313527439e+00
1.001402678071340757e+00
1.001413885653128055e+00
1.001424228878856626e+00
1.001433754521713348e+00
1.001442565411807761e+00
1.001450679842885050e+00
1.001458185410905477e+00
1.001465097699419493e+00
1.001471491327158292e+00
1.001477379568988857e+00
1.001482825988972980e+00
1.001487841895323916e+00
1.001492481435168447e+00
1.001496754241422815e+00
1.001500706439386157e+00
1.001504346234870724e+00
1.001507712919771587e+00
1.001510813484220330e+00
1.001513681399068822e+00
1.001516322618868582e+00
1.001518765655807996e+00
1.001521015582280016e+00
1.001523096686428360e+00
1.001525013289177313e+00
1.001526786080413789e+00
1.001528418740922133e+00
1.001529928895409149e+00
1.001531319679355825e+00
1.001532606106391166e+00
1.001533790847478844e+00
1.001534886691997750e+00
1.001535898022313242e+00
1.001536829411770135e+00
