0.000000000000000000e+00
0.000000000000000000e+00
0.000000000000000000e+00
0.000000000000000000e+00
0.000000000000000000e+00
0.000000000000000000e+00
0.000000000000000000e+00
3.640721562383593402e-02
1.053138612454961875e-01
1.693142737082888594e-01
2.287319621743747200e-01
2.839074989574424945e-01
3.351437543199731195e-01
3.827219749704706686e-01
4.269033278864934888e-01
4.679389171867631148e-01
5.060361694893660278e-01
5.414134519118533051e-01
5.742649578855508752e-01
6.047710163173848352e-01
6.330990814536241462e-01
6.594101554673951204e-01
6.838167931190972659e-01
7.065250791265133001e-01
7.275663343940281802e-01
7.471478356398302267e-01
7.652918455443878942e-01
7.821771001564766790e-01
7.978227967288166189e-01
8.123830605071714617e-01
8.259027005536992982e-01
8.384298546176832678e-01
8.500879272845250911e-01
8.608901728978728407e-01
8.709430040263368422e-01
8.802578499757912622e-01
8.889264709893528460e-01
8.969587226310721251e-01
9.044337303494447422e-01
9.113599926608121349e-01
9.178057399489119028e-01
9.237783005391080327e-01
9.293365099306415411e-01
9.344866873856622069e-01
9.392795671340148367e-01
9.437205983161417455e-01
9.478535293851223509e-01
9.516830591698478559e-01
9.552469122431105353e-01
9.585491404353196909e-01
9.616222738885075172e-01
9.644698065221263272e-01
9.671197892871163937e-01
9.695752350127188057e-01
9.718603322145533685e-01
9.739776788746749014e-01
9.759481329058549148e-01
9.777739345647482594e-01
9.794730697638446282e-01
9.810507675742591305e-01
9.825126455140160697e-01
9.838731044949379223e-01
9.851336912556124537e-01
9.863068237950337602e-01
9.873938358758456157e-01
9.884054356185415502e-01
9.893427731352377741e-01
9.902150821071867837e-01
9.910233542834722131e-01
9.917755519268948161e-01
9.924725302290753337e-01
9.931211551004971438e-01
9.937221639784011851e-01
9.942814773816081031e-01
9.947997312069993825e-01
9.952820307560763524e-01
9.957289243668149270e-01
9.961448143735737171e-01
9.965301736117196940e-01
9.968887982425175265e-01
9.972210959949490139e-01
9.975303403233166666e-01
9.978168828149467373e-01
9.980835461905627204e-01
9.983306336261796865e-01
9.985605791720535418e-01
9.987736442588142083e-01
9.989719277836704991e-01
9.991556551799379848e-01
9.993266363401949182e-01
9.994853974572048827e-01
9.996325038125005724e-01
9.997694045459817325e-01
9.998962553033901024e-01
1.000014305687392469e+00
1.000123689912314262e+00
1.000225485518581259e+00
1.000319808240070607e+00
1.000407587246829877e+00
1.000488922336926434e+00
1.000564614739675395e+00
1.000634750511592674e+00
1.000700020557876435e+00
1.000760499085614263e+00
1.000816781866807004e+00
1.000868932890704333e+00
1.000917465895338809e+00
1.000962436059052996e+00
1.001004286381459663e+00
1.001043064443198904e+00
1.001079152245689885e+00
1.001112590818024728e+00
1.001143709562486661e+00
1.001172543858726227e+00
1.001199377752453490e+00
1.001224241751768718e+00
1.001247380791116637e+00
1.001268821177828672e+00
1.001288774120453695e+00
1.001307301023967700e+00
1.001324467854878053e+00
1.001340443723075291e+00
1.001355246791908682e+00
1.001369022885925997e+00
1.001381787667499967e+00
1.001393666882077094e+00
1.001404674035422326e+00
1.001414917558643980e+00
1.001424409097850132e+00
1.001433242153883407e+00
1.001441426769258181e+00
1.001449043570353137e+00
1.001456101216892547e+00
1.001462669233522007e+00
1.001468755087578266e+00
1.001474418730610161e+00
1.001479666601750473e+00
1.001484550397605755e+00
1.001489075670681794e+00
1.001493286999295185e+00
1.001497189171407287e+00
1.001500820627188260e+00
1.001504185495327048e+00
1.001507316923030189e+00
1.001510218470493152e+00
1.001512918720765200e+00
1.001515420743826157e+00
1.001517749187023076e+00
1.001519911216115943e+00
1.001521914529180934e+00
