0.000000000000000000e+00
0.000000000000000000e+00
0.000000000000000000e+00
0.000000000000000000e+00
0.000000000000000000e+00
0.000000000000000000e+00
0.000000000000000000e+00
0.000000000000000000e+00
0.000000000000000000e+00
0.000000000000000000e+00
9.455031601546363962e-02
1.862651981457737749e-01
2.687059445724253037e-01
3.428103484981360749e-01
4.094213742252103549e-01
4.693090675478736040e-01
5.231286437352822283e-01
5.715060273201179042e-01
6.149915284761426904e-01
6.540798104514290445e-01
6.892155165410849271e-01
7.208048272896402375e-01
7.491699839906598157e-01
7.747165046453396986e-01
7.976299225199129372e-01
8.182711711539257804e-01
8.367849077913828149e-01
8.534627619277771471e-01
8.684216146907022260e-01
8.818970988305766534e-01
8.940085507961972322e-01
9.048716645527568048e-01
9.146575565229605465e-01
9.234348078371286128e-01
9.313416782870409527e-01
9.384335805130987751e-01
9.448222265866561553e-01
9.505523891835478967e-01
9.557143301704057459e-01
9.603442252733264128e-01
9.645150048790539499e-01
9.682558984927318591e-01
9.716258328960583057e-01
9.746484251401089649e-01
9.773712872801095797e-01
9.798135015789581903e-01
9.820135379435032119e-01
9.839868145881580652e-01
9.857644146855757405e-01
9.873587959477673204e-01
9.887950731644818969e-01
9.900833120011971467e-01
9.912438048737223228e-01
9.922846847057773534e-01
9.932223474992193379e-01
9.940633645481550262e-01
9.948209836038347520e-01
9.955005141844247563e-01
9.961126602965914012e-01
9.966628429955203261e-01
9.971563178705658004e-01
9.976008581677057174e-01
9.979995792979974301e-01
9.983587619407195968e-01
9.986809233065365721e-01
9.989711381007023716e-01
9.992314401959266901e-01
9.994659298865039565e-01
9.996762505145107003e-01
9.998657150631569124e-01
1.000035651330965392e+00
1.000188736164270065e+00
1.000326042406602944e+00
1.000449732914169498e+00
1.000560674530262872e+00
1.000660614813907001e+00
1.000750254162943831e+00
1.000831004581802741e+00
1.000903431982616887e+00
1.000968677246169669e+00
1.001027197621931375e+00
1.001079914926388703e+00
1.001127198611027724e+00
1.001169793491298421e+00
1.001207998079083783e+00
1.001242414175353312e+00
1.001273282973734968e+00
1.001301090721401055e+00
1.001326032299592272e+00
1.001348500589551938e+00
1.001368694566389550e+00
1.001386807131935397e+00
1.001403123596414035e+00
1.001417758308275063e+00
1.001430941794382079e+00
1.001442766446760002e+00
1.001453418528046369e+00
1.001462972689767472e+00
1.001471579429654923e+00
1.001479299065148210e+00
1.001486253196410825e+00
1.001492490559131809e+00
1.001498109404624248e+00
1.001503149110676061e+00
1.001507689063040329e+00
1.001511761078445639e+00
1.001515429299523641e+00
1.001518719433767801e+00
1.001521683307570409e+00
1.001524341692243913e+00
1.001526736462823752e+00
1.001528884402253627e+00
1.001530819345004764e+00
1.001532554851472634e+00
1.001534118259459039e+00
1.001535520525583367e+00
1.001536783738425695e+00
1.001537916750788293e+00
1.001538937409949925e+00
1.001539854754683656e+00
1.001540677547873459e+00
1.001541418750207413e+00
1.001542083556152374e+00
1.001542682437771781e+00
1.001543219592126110e+00
1.001543703480502812e+00
1.001544137494070785e+00
1.001544528469438200e+00
1.001544879146623712e+00
1.001545195049516224e+00
1.001545478392014354e+00
1.001545733637346336e+00
1.001545962574313275e+00
1.001546168809143822e+00
1.001546353787165611e+00
1.001546520422163633e+00
1.001546669881942853e+00
1.001546804520803136e+00
1.001546925282315259e+00
1.001547034068722253e+00
1.001547131642416488e+00
1.001547219540385170e+00
1.001547298378631545e+00
1.001547369399020004e+00
1.001547433099273521e+00
1.001547490482802338e+00
1.001547541951759213e+00
1.001547588316886506e+00
1.001547629988785326e+00
1.001547667365524141e+00
