6.266983711719282743e-03
7.488343473329625577e-02
1.968339928926058635e-01
3.473915023026790116e-01
5.064976215451050257e-01
6.590003895326007610e-01
7.945719955727168493e-01
9.071271152485055334e-01
9.940655424139424046e-01
1.055639194733286601e+00
1.094034683077568237e+00
1.112680098203839174e+00
1.115622507861408597e+00
1.107030509498054816e+00
1.090826571703585879e+00
1.070436352510639288e+00
1.048675081210243221e+00
1.027664960622546753e+00
1.008876570017660956e+00
9.931902666928049683e-01
9.809912722357335690e-01
9.722777121250459897e-01
9.667682315921615199e-01
9.640075651412610691e-01
9.634443172801951949e-01
9.645072734214074073e-01
9.666552912067031267e-01
9.694121691122584705e-01
9.723865392181477718e-01
9.752793924172580287e-01
9.778827564118290905e-01
9.800683018736573437e-01
9.817788628272593465e-01
9.830107725873847846e-01
9.837996948686216214e-01
9.842067393769022843e-01
9.843064352020366448e-01
