0.000000000000000000e+00
0.000000000000000000e+00
0.000000000000000000e+00
0.000000000000000000e+00
0.000000000000000000e+00
0.000000000000000000e+00
0.000000000000000000e+00
3.123284221373488767e-02
1.110105325193977560e-01
1.844844181348243572e-01
2.518824603440801280e-01
3.137209645613465159e-01
3.704585265563694052e-01
4.225159134851619869e-01
4.702791842103254405e-01
5.141116649543306938e-01
5.543193739471055093e-01
5.912104244427328625e-01
6.250584013795804639e-01
6.561143221876141185e-01
6.846084983398351698e-01
7.107576796782587580e-01
7.347244756153091805e-01
7.567571303652590453e-01
7.769284748934007778e-01
7.954761815027934224e-01
8.124569849725072901e-01
8.280709645120766238e-01
8.423658810494824012e-01
8.555101668739424348e-01
8.675690779655232943e-01
8.786092568737440267e-01
8.887607863872675207e-01
8.980547185814961031e-01
9.066005607957149381e-01
9.144244535377610283e-01
9.216185831566555686e-01
9.282049554649296486e-01
9.342611755162831821e-01
9.398057684207933304e-01
9.449040642888699715e-01
9.495716580776578652e-01
9.538635465060906204e-01
9.577928578464074416e-01
9.614058898788274687e-01
9.647136943510651319e-01
9.677552460327941697e-01
9.705398485951541865e-01
9.731003120921889460e-01
9.754444686151577670e-01
9.775999385876161796e-01
9.795733152836141322e-01
9.813878503502339035e-01
9.830490941904601598e-01
9.845766206928303621e-01
9.859751023422214100e-01
9.872610169868967223e-01
9.884382980556515319e-01
9.895208170632265876e-01
9.905139482718464672e-01
9.914231801369157715e-01
9.922592258377707086e-01
9.930246427185146496e-01
9.937284494339325702e-01
9.943727988280040009e-01
9.949652830572285334e-01
9.955077144460380278e-01
9.960064842846737543e-01
9.964631182386636254e-01
9.968829966753577354e-01
9.972674039427802395e-01
9.976208693850429077e-01
9.979444742023283466e-01
9.982420313235220721e-01
9.985144509332566365e-01
9.987649428619900238e-01
9.989942733286698573e-01
9.992051444585857700e-01
9.993982012763340528e-01
9.995757185067568606e-01
9.997382391496471010e-01
9.998876781321647256e-01
1.000024492566762069e+00
1.000150294492821335e+00
1.000265468720423323e+00
1.000371372309524221e+00
1.000468329204041495e+00
1.000557481815100624e+00
1.000639102847775685e+00
1.000714154015787782e+00
1.000783007917358747e+00
1.000846045067736334e+00
1.000904008212883500e+00
1.000957074653762602e+00
1.001005869654753022e+00
1.001050542472777138e+00
1.001091619472922911e+00
1.001129226303853148e+00
1.001163806074459428e+00
1.001195464559309078e+00
1.001224574779893128e+00
1.001251225780208642e+00
1.001275731580206774e+00
1.001298167139621054e+00
1.001318796809252287e+00
1.001337683692306468e+00
1.001355050326700358e+00
1.001370949834482493e+00
1.001385569554311239e+00
1.001398954205817038e+00
1.001411261495936067e+00
1.001422529070906675e+00
1.001432889692850381e+00
1.001442375053426703e+00
1.001451096915511929e+00
1.001459081958034014e+00
1.001466424266116428e+00
1.001473146298828665e+00
1.001479327259665819e+00
1.001484997834559687e+00
1.001490189361461836e+00
1.001494963010422179e+00
1.001499333383349732e+00
1.001503351974907474e+00
1.001507031077391696e+00
1.001510414040454711e+00
1.001513511212095642e+00
1.001516359085267149e+00
1.001518966371205632e+00
1.001521363790701669e+00
1.001523558677118286e+00
1.001525576892078773e+00
1.001527424609013339e+00
1.001529123598961846e+00
1.001530679058891149e+00
1.001532109316273012e+00
1.001533418746059834e+00
1.001534622776831140e+00
1.001535725091544649e+00
1.001536738678411531e+00
1.001537666637848822e+00
1.001538519903696356e+00
1.001539301085972333e+00
1.001540019389090208e+00
1.001540677010235969e+00
1.001541281697943431e+00
1.001541835301865024e+00
1.001542344344933611e+00
1.001542811354338980e+00
1.001543238910968858e+00
