0.000000000000000000e+00
0.000000000000000000e+00
0.000000000000000000e+00
0.000000000000000000e+00
0.000000000000000000e+00
0.000000000000000000e+00
0.000000000000000000e+00
0.000000000000000000e+00
0.000000000000000000e+00
0.000000000000000000e+00
0.000000000000000000e+00
0.000000000000000000e+00
0.000000000000000000e+00
0.000000000000000000e+00
0.000000000000000000e+00
0.000000000000000000e+00
0.000000000000000000e+00
0.000000000000000000e+00
0.000000000000000000e+00
0.000000000000000000e+00
0.000000000000000000e+00
0.000000000000000000e+00
0.000000000000000000e+00
0.000000000000000000e+00
0.000000000000000000e+00
0.000000000000000000e+00
0.000000000000000000e+00
0.000000000000000000e+00
0.000000000000000000e+00
0.000000000000000000e+00
0.000000000000000000e+00
0.000000000000000000e+00
0.000000000000000000e+00
0.000000000000000000e+00
0.000000000000000000e+00
0.000000000000000000e+00
0.000000000000000000e+00
0.000000000000000000e+00
0.000000000000000000e+00
0.000000000000000000e+00
0.000000000000000000e+00
0.000000000000000000e+00
0.000000000000000000e+00
0.000000000000000000e+00
0.000000000000000000e+00
0.000000000000000000e+00
0.000000000000000000e+00
0.000000000000000000e+00
0.000000000000000000e+00
0.000000000000000000e+00
0.000000000000000000e+00
0.000000000000000000e+00
0.000000000000000000e+00
0.000000000000000000e+00
0.000000000000000000e+00
0.000000000000000000e+00
0.000000000000000000e+00
0.000000000000000000e+00
0.000000000000000000e+00
0.000000000000000000e+00
0.000000000000000000e+00
0.000000000000000000e+00
0.000000000000000000e+00
0.000000000000000000e+00
0.000000000000000000e+00
0.000000000000000000e+00
0.000000000000000000e+00
0.000000000000000000e+00
0.000000000000000000e+00
0.000000000000000000e+00
0.000000000000000000e+00
0.000000000000000000e+00
0.000000000000000000e+00
0.000000000000000000e+00
0.000000000000000000e+00
0.000000000000000000e+00
0.000000000000000000e+00
0.000000000000000000e+00
0.000000000000000000e+00
0.000000000000000000e+00
0.000000000000000000e+00
0.000000000000000000e+00
0.000000000000000000e+00
0.000000000000000000e+00
0.000000000000000000e+00
0.000000000000000000e+00
0.000000000000000000e+00
0.000000000000000000e+00
0.000000000000000000e+00
0.000000000000000000e+00
0.000000000000000000e+00
0.000000000000000000e+00
4.411401234507770342e-05
3.036004194070074489e-04
5.282287682943546210e-04
7.218375091296724702e-04
8.894378558160998200e-04
1.033893763746916543e-03
1.158944214184487280e-03
1.266726069725120779e-03
1.360029069771396138e-03
1.440447576360590412e-03
1.510063077841580477e-03
1.570065164181595882e-03
1.622006881425908662e-03
1.666775809846153360e-03
1.705530712603334003e-03
1.739001256957011009e-03
1.767849752614333424e-03
1.792822890979308900e-03
1.814347413140017648e-03
1.832980442624275019e-03
1.849040380714295738e-03
1.862942910011460094e-03
1.874925596991899868e-03
1.885298591948077456e-03
1.894239148659215399e-03
1.901978677349353388e-03
1.908649431115646113e-03
1.914424070416882251e-03
1.919401272312495086e-03
1.923709862718248412e-03
1.927423466844196921e-03
1.930638204651383659e-03
1.933409009592291887e-03
1.935807598967405297e-03
1.937874959881541676e-03
1.939664602252233559e-03
1.941207107495456462e-03
1.942542400584055520e-03
1.943693299011659860e-03
1.944689591713296513e-03
1.945548303342629079e-03
1.946291660105133048e-03
1.946932364484133806e-03
1.947486999959684509e-03
1.947966009064696670e-03
1.948378870353707900e-03
1.948736269998337014e-03
1.949044315245138624e-03
1.949310979291071517e-03
1.949540818892416373e-03
1.949739783033712336e-03
1.949911271615000375e-03
1.950059723309652921e-03
1.950187674860821667e-03
1.950298438064189573e-03
1.950393905641817751e-03
1.950476548600182242e-03
1.950547779142485080e-03
1.950609440943151199e-03
1.950662587679276696e-03
1.950708594958500868e-03
1.950748248953394987e-03
1.950782576036269112e-03
1.950812162788451891e-03
1.950837775009789605e-03
1.950859850362022434e-03
1.950878960225923804e-03
1.950895431150924007e-03
1.950909689457281217e-03
1.950921978790991608e-03
1.950932617239346280e-03
1.950941786592193380e-03
1.950949724181733243e-03
1.950956579454843050e-03
1.950962488062556828e-03
1.950967602938553100e-03
1.950972011485854187e-03
1.950975827811774399e-03
1.950979117129706362e-03
1.950981964577726355e-03
1.950984418813037861e-03
1.950986543359105796e-03
1.950988374520181649e-03
1.950989959692575387e-03
1.950991325963719134e-03
1.950992508697083289e-03
1.950993528103220050e-03
1.950994410567623467e-03
1.950995171169848334e-03
1.950995829596714965e-03
1.950996397099424287e-03
1.950996888366762945e-03
1.950997311793509085e-03
1.950997678339301935e-03
1.950997994267677626e-03
1.950998267755874125e-03
1.950998503477258160e-03
1.950998707533054075e-03
1.950998883410167946e-03
1.950999035660862637e-03
1.950999166886798137e-03
1.950999280484522246e-03
1.950999378592823026e-03
1.950999463153052071e-03
1.950999536353898497e-03
1.950999599446218494e-03
1.950999654063043445e-03
1.950999701137665857e-03
1.950999741888527744e-03
1.950999777011979850e-03
1.950999807417129603e-03
1.950999833623540125e-03
1.950999856309517354e-03
1.950999875862719510e-03
1.950999892789245663e-03
1.950999907378336883e-03
1.950999920007605174e-03
1.950999930892859677e-03
1.950999940315845289e-03
1.950999948437582513e-03
1.950999955468287741e-03
1.950999961528101633e-03
1.950999966773871381e-03
1.950999971295236867e-03
1.950999975209226009e-03
1.950999978609944301e-03
1.950999981520673467e-03
1.950999984035314740e-03
1.950999986207767063e-03
1.950999988084594966e-03
1.950999989706026687e-03
1.950999991106816328e-03
1.950999992316988698e-03
1.950999993362482034e-03
1.950999994265706361e-03
1.950999995046021193e-03
1.950999995720151866e-03
1.950999996302547543e-03
1.950999996805691727e-03
1.950999997240368978e-03
1.950999997615895628e-03
1.950999997940321227e-03
1.950999998226248758e-03
1.950999998467618400e-03
1.950999998676142787e-03
1.950999998856291434e-03
1.950999999011925621e-03
1.950999999146381652e-03
1.950999999262540687e-03
1.950999999362893140e-03
1.950999999449589848e-03
1.950999999524488703e-03
1.950999999589195623e-03
1.950999999645097521e-03
1.950999999693392006e-03
1.950999999735114924e-03
1.950999999771160093e-03
1.950999999802300331e-03
1.950999999829203073e-03
1.950999999852444898e-03
1.950999999872523889e-03
1.950999999890220236e-03
1.950999999905159024e-03
1.950999999918064933e-03
1.950999999929214652e-03
1.950999999938846921e-03
1.950999999947168389e-03
1.950999999954357734e-03
1.950999999960568694e-03
1.950999999965934411e-03
1.950999999970570026e-03
1.950999999974574852e-03
1.950999999978034541e-03
1.950999999981023686e-03
1.950999999983605822e-03
1.950999999985836893e-03
1.950999999987763954e-03
1.950999999989429289e-03
1.950999999990867591e-03
1.950999999992110521e-03
1.950999999993183881e-03
1.950999999994130173e-03
1.950999999994928796e-03
1.950999999995618999e-03
1.950999999996215093e-03
1.950999999996730089e-03
1.950999999997175046e-03
1.950999999997559504e-03
1.950999999997891704e-03
1.950999999998178584e-03
1.950999999998426432e-03
1.950999999998640671e-03
1.950999999998825635e-03
1.950999999998985447e-03
1.950999999999123357e-03
1.950999999999242836e-03
1.950999999999345836e-03
1.950999999999434957e-03
1.950999999999511719e-03
1.950999999999578072e-03
1.950999999999636835e-03
1.950999999999686275e-03
1.950999999999728776e-03
1.950999999999765856e-03
1.950999999999797731e-03
1.950999999999825270e-03
1.950999999999849122e-03
1.950999999999869722e-03
1.950999999999887503e-03
1.950999999999902465e-03
1.950999999999915909e-03
1.950999999999927185e-03
1.950999999999937159e-03
1.950999999999945833e-03
1.950999999999953206e-03
1.950999999999959494e-03
1.950999999999964915e-03
1.950999999999969686e-03
1.950999999999973806e-03
1.950999999999977492e-03
1.950999999999980528e-03
1.950999999999983347e-03
1.950999999999985515e-03
1.950999999999987466e-03
1.950999999999989201e-03
1.950999999999990719e-03
1.950999999999992020e-03
1.950999999999993104e-03
1.950999999999993972e-03
1.950999999999994839e-03
1.950999999999995490e-03
1.950999999999996140e-03
1.950999999999996574e-03
1.950999999999997224e-03
1.950999999999997441e-03
1.950999999999997875e-03
1.950999999999998092e-03
1.950999999999998525e-03
1.950999999999998742e-03
1.950999999999998742e-03
1.950999999999998959e-03
1.950999999999999176e-03
1.950999999999999176e-03
1.950999999999999393e-03
1.950999999999999393e-03
1.950999999999999610e-03
1.950999999999999610e-03
1.950999999999999610e-03
1.950999999999999826e-03
1.950999999999999826e-03
1.950999999999999826e-03
1.950999999999999826e-03
1.950999999999999826e-03
1.950999999999999826e-03
1.950999999999999826e-03
