0.000000000000000000e+00
0.000000000000000000e+00
0.000000000000000000e+00
0.000000000000000000e+00
0.000000000000000000e+00
0.000000000000000000e+00
0.000000000000000000e+00
0.000000000000000000e+00
0.000000000000000000e+00
0.000000000000000000e+00
0.000000000000000000e+00
0.000000000000000000e+00
0.000000000000000000e+00
0.000000000000000000e+00
0.000000000000000000e+00
0.000000000000000000e+00
0.000000000000000000e+00
0.000000000000000000e+00
0.000000000000000000e+00
0.000000000000000000e+00
0.000000000000000000e+00
0.000000000000000000e+00
0.000000000000000000e+00
0.000000000000000000e+00
0.000000000000000000e+00
0.000000000000000000e+00
0.000000000000000000e+00
0.000000000000000000e+00
0.000000000000000000e+00
0.000000000000000000e+00
0.000000000000000000e+00
0.000000000000000000e+00
0.000000000000000000e+00
0.000000000000000000e+00
0.000000000000000000e+00
0.000000000000000000e+00
0.000000000000000000e+00
0.000000000000000000e+00
0.000000000000000000e+00
0.000000000000000000e+00
0.000000000000000000e+00
0.000000000000000000e+00
0.000000000000000000e+00
0.000000000000000000e+00
0.000000000000000000e+00
0.000000000000000000e+00
0.000000000000000000e+00
0.000000000000000000e+00
0.000000000000000000e+00
0.000000000000000000e+00
0.000000000000000000e+00
0.000000000000000000e+00
0.000000000000000000e+00
0.000000000000000000e+00
0.000000000000000000e+00
0.000000000000000000e+00
0.000000000000000000e+00
0.000000000000000000e+00
0.000000000000000000e+00
0.000000000000000000e+00
0.000000000000000000e+00
0.000000000000000000e+00
0.000000000000000000e+00
0.000000000000000000e+00
0.000000000000000000e+00
0.000000000000000000e+00
0.000000000000000000e+00
0.000000000000000000e+00
0.000000000000000000e+00
0.000000000000000000e+00
0.000000000000000000e+00
0.000000000000000000e+00
0.000000000000000000e+00
0.000000000000000000e+00
0.000000000000000000e+00
0.000000000000000000e+00
0.000000000000000000e+00
0.000000000000000000e+00
0.000000000000000000e+00
0.000000000000000000e+00
0.000000000000000000e+00
0.000000000000000000e+00
0.000000000000000000e+00
0.000000000000000000e+00
0.000000000000000000e+00
0.000000000000000000e+00
0.000000000000000000e+00
0.000000000000000000e+00
0.000000000000000000e+00
0.000000000000000000e+00
0.000000000000000000e+00
0.000000000000000000e+00
7.089812825860666824e-05
4.672372122758044772e-04
7.806276500138494868e-04
1.027350613340795478e-03
1.222437650161273389e-03
1.376023867336329583e-03
1.497466474871173665e-03
1.593074624951976766e-03
1.668673225275348797e-03
1.728189753060228092e-03
1.775250241029519612e-03
1.812299562416603378e-03
1.841594939823520223e-03
1.864658318456843952e-03
1.882894830113367559e-03
1.897279547926470885e-03
1.908604208088684031e-03
1.917558763287980760e-03
1.924608418057255441e-03
1.930182671223640810e-03
1.934571114819659803e-03
1.938041113906314441e-03
1.940772940900081052e-03
1.942933031822035445e-03
1.944633607108144221e-03
1.945978273972482622e-03
1.947036890169746371e-03
1.947873951683071030e-03
1.948532945296740405e-03
1.949054020066760731e-03
1.949464246723011957e-03
1.949788618243658567e-03
1.950043986286699059e-03
1.950245909099815799e-03
1.950404876920196597e-03
1.950530574830961492e-03
1.950629533054612985e-03
1.950707780601419533e-03
1.950769382565922718e-03
1.950818092035666628e-03
1.950856439551321500e-03
1.950886761427719470e-03
1.950910632938453746e-03
1.950929508450610509e-03
1.950944397203518152e-03
1.950956118675507356e-03
1.950965386994948274e-03
1.950972683666965741e-03
1.950978453239863523e-03
1.950982995452870501e-03
1.950986587039418418e-03
1.950989414588600842e-03
1.950991650368295253e-03
1.950993410531098957e-03
1.950994802314583859e-03
1.950995898024293889e-03
1.950996764416127382e-03
1.950997446500629109e-03
1.950997985833662855e-03
1.950998410434506706e-03
1.950998746171883191e-03
1.950999010487926419e-03
1.950999219486038855e-03
1.950999384024031677e-03
1.950999514126349702e-03
1.950999616552032438e-03
1.950999697541343832e-03
1.950999761301817946e-03
1.950999811718049032e-03
1.950999851409247277e-03
1.950999882793590752e-03
1.950999907501550388e-03
1.950999927038453300e-03
1.950999942448902475e-03
1.950999954581090308e-03
1.950999964174168159e-03
1.950999971726512976e-03
1.950999977698249536e-03
1.950999982399619906e-03
1.950999986117054469e-03
1.950999989043679774e-03
1.950999991357800457e-03
1.950999993179638710e-03
1.950999994620189731e-03
1.950999995754292525e-03
1.950999996651042647e-03
1.950999997357027180e-03
1.950999997915258159e-03
1.950999998354736691e-03
1.950999998702238449e-03
1.950999998975815834e-03
1.950999999192137152e-03
1.950999999362440377e-03
1.950999999497101539e-03
1.950999999603116345e-03
1.950999999686943171e-03
1.950999999752937907e-03
1.950999999805120774e-03
1.950999999846202929e-03
1.950999999878686711e-03
1.950999999904260438e-03
1.950999999924481892e-03
1.950999999940432241e-03
1.950999999952989688e-03
1.950999999962918811e-03
1.950999999970735909e-03
1.950999999976916945e-03
1.950999999981783061e-03
1.950999999985630678e-03
1.950999999988659722e-03
1.950999999991054942e-03
1.950999999992940586e-03
1.950999999994431798e-03
1.950999999995605555e-03
1.950999999996533632e-03
1.950999999997264601e-03
1.950999999997842264e-03
1.950999999998297195e-03
1.950999999998656934e-03
1.950999999998939910e-03
1.950999999999163907e-03
1.950999999999339981e-03
1.950999999999479626e-03
1.950999999999589131e-03
1.950999999999676084e-03
1.950999999999744822e-03
1.950999999999798598e-03
1.950999999999841099e-03
1.950999999999874709e-03
1.950999999999900947e-03
1.950999999999921764e-03
1.950999999999938244e-03
1.950999999999951254e-03
1.950999999999961662e-03
1.950999999999969686e-03
1.950999999999976191e-03
1.950999999999981178e-03
1.950999999999985081e-03
1.950999999999988334e-03
1.950999999999990719e-03
1.950999999999992671e-03
1.950999999999994189e-03
1.950999999999995490e-03
1.950999999999996357e-03
1.950999999999997224e-03
1.950999999999997875e-03
1.950999999999998308e-03
1.950999999999998742e-03
1.950999999999998959e-03
1.950999999999999176e-03
1.950999999999999393e-03
1.950999999999999610e-03
1.950999999999999610e-03
1.950999999999999610e-03
1.950999999999999826e-03
1.950999999999999826e-03
1.950999999999999826e-03
1.950999999999999826e-03
1.951000000000000043e-03
1.951000000000000043e-03
1.951000000000000043e-03
1.951000000000000043e-03
1.951000000000000043e-03
1.951000000000000043e-03
1.951000000000000043e-03
1.951000000000000043e-03
1.951000000000000043e-03
1.951000000000000043e-03
1.951000000000000043e-03
1.951000000000000043e-03
1.951000000000000043e-03
1.951000000000000043e-03
1.951000000000000043e-03
1.951000000000000043e-03
1.951000000000000043e-03
1.951000000000000043e-03
1.951000000000000043e-03
1.951000000000000043e-03
1.951000000000000043e-03
1.951000000000000043e-03
1.951000000000000043e-03
1.951000000000000043e-03
1.951000000000000043e-03
1.951000000000000043e-03
1.951000000000000043e-03
1.951000000000000043e-03
1.951000000000000043e-03
1.951000000000000043e-03
1.951000000000000043e-03
1.951000000000000043e-03
1.951000000000000043e-03
1.951000000000000043e-03
1.951000000000000043e-03
1.951000000000000043e-03
1.951000000000000043e-03
1.951000000000000043e-03
1.951000000000000043e-03
1.951000000000000043e-03
1.951000000000000043e-03
1.951000000000000043e-03
1.951000000000000043e-03
1.951000000000000043e-03
1.951000000000000043e-03
1.951000000000000043e-03
1.951000000000000043e-03
1.951000000000000043e-03
1.951000000000000043e-03
1.951000000000000043e-03
1.951000000000000043e-03
1.951000000000000043e-03
1.951000000000000043e-03
1.951000000000000043e-03
1.951000000000000043e-03
1.951000000000000043e-03
1.951000000000000043e-03
1.951000000000000043e-03
1.951000000000000043e-03
1.951000000000000043e-03
1.951000000000000043e-03
1.951000000000000043e-03
1.951000000000000043e-03
1.951000000000000043e-03
1.951000000000000043e-03
1.951000000000000043e-03
1.951000000000000043e-03
1.951000000000000043e-03
1.951000000000000043e-03
1.951000000000000043e-03
1.951000000000000043e-03
1.951000000000000043e-03
1.951000000000000043e-03
1.951000000000000043e-03
1.951000000000000043e-03
1.951000000000000043e-03
1.951000000000000043e-03
1.951000000000000043e-03
1.951000000000000043e-03
1.951000000000000043e-03
1.951000000000000043e-03
1.951000000000000043e-03
1.951000000000000043e-03
1.951000000000000043e-03
1.951000000000000043e-03
1.951000000000000043e-03
1.951000000000000043e-03
1.951000000000000043e-03
1.951000000000000043e-03
1.951000000000000043e-03
1.951000000000000043e-03
1.951000000000000043e-03
1.951000000000000043e-03
1.951000000000000043e-03
1.951000000000000043e-03
1.951000000000000043e-03
1.951000000000000043e-03
