0.000000000000000000e+00
0.000000000000000000e+00
0.000000000000000000e+00
0.000000000000000000e+00
0.000000000000000000e+00
0.000000000000000000e+00
0.000000000000000000e+00
0.000000000000000000e+00
0.000000000000000000e+00
0.000000000000000000e+00
0.000000000000000000e+00
0.000000000000000000e+00
0.000000000000000000e+00
0.000000000000000000e+00
0.000000000000000000e+00
0.000000000000000000e+00
0.000000000000000000e+00
0.000000000000000000e+00
0.000000000000000000e+00
0.000000000000000000e+00
0.000000000000000000e+00
0.000000000000000000e+00
0.000000000000000000e+00
0.000000000000000000e+00
0.000000000000000000e+00
0.000000000000000000e+00
0.000000000000000000e+00
0.000000000000000000e+00
0.000000000000000000e+00
0.000000000000000000e+00
0.000000000000000000e+00
0.000000000000000000e+00
0.000000000000000000e+00
0.000000000000000000e+00
0.000000000000000000e+00
0.000000000000000000e+00
0.000000000000000000e+00
0.000000000000000000e+00
0.000000000000000000e+00
0.000000000000000000e+00
0.000000000000000000e+00
0.000000000000000000e+00
0.000000000000000000e+00
0.000000000000000000e+00
0.000000000000000000e+00
0.000000000000000000e+00
0.000000000000000000e+00
0.000000000000000000e+00
0.000000000000000000e+00
0.000000000000000000e+00
0.000000000000000000e+00
0.000000000000000000e+00
0.000000000000000000e+00
0.000000000000000000e+00
0.000000000000000000e+00
0.000000000000000000e+00
0.000000000000000000e+00
0.000000000000000000e+00
0.000000000000000000e+00
0.000000000000000000e+00
0.000000000000000000e+00
0.000000000000000000e+00
0.000000000000000000e+00
0.000000000000000000e+00
0.000000000000000000e+00
0.000000000000000000e+00
0.000000000000000000e+00
0.000000000000000000e+00
0.000000000000000000e+00
0.000000000000000000e+00
0.000000000000000000e+00
0.000000000000000000e+00
0.000000000000000000e+00
0.000000000000000000e+00
0.000000000000000000e+00
0.000000000000000000e+00
0.000000000000000000e+00
0.000000000000000000e+00
0.000000000000000000e+00
0.000000000000000000e+00
0.000000000000000000e+00
0.000000000000000000e+00
0.000000000000000000e+00
0.000000000000000000e+00
0.000000000000000000e+00
0.000000000000000000e+00
0.000000000000000000e+00
0.000000000000000000e+00
0.000000000000000000e+00
0.000000000000000000e+00
0.000000000000000000e+00
6.281530851026673666e-18
2.998129850723991888e-04
5.530474130705371723e-04
7.678728041914994812e-04
9.493232007674129664e-04
1.103252319811842902e-03
1.233267210274516029e-03
1.343562243678890402e-03
1.436721983536215540e-03
1.515751828371231713e-03
1.582503698863915818e-03
1.639131057157993234e-03
1.686960862405367757e-03
1.727536137658154626e-03
1.761807690696544663e-03
1.790881145850316226e-03
1.815486841200899572e-03
1.836269827588553859e-03
1.853900578725686419e-03
1.868792239199669599e-03
1.881425224418359701e-03
1.892095565414402469e-03
1.901147494869609867e-03
1.908793128287773842e-03
1.915279119163535142e-03
1.920757454896818714e-03
1.925404870439397778e-03
1.929330269522130459e-03
1.932660288271635619e-03
1.935472959620911527e-03
1.937859022319729724e-03
1.939874389407839376e-03
1.941584078040535077e-03
1.943028151661465794e-03
1.944253197098124017e-03
1.945287921062294548e-03
1.946165704474535699e-03
1.946907116592664884e-03
1.947536075891438245e-03
1.948067320888116367e-03
1.948517989918764019e-03
1.948898643592469589e-03
1.949221562063634680e-03
1.949494312339329714e-03
1.949725693534681966e-03
1.949921518047887650e-03
1.950086919518332967e-03
1.950227233913422826e-03
1.950345749245811907e-03
1.950446288903217749e-03
1.950531208849657543e-03
1.950603248662143366e-03
1.950664096462659865e-03
1.950715715243913793e-03
1.950759314598163319e-03
1.950796301071145312e-03
1.950827541373585964e-03
1.950854043339545190e-03
1.950876427994395826e-03
1.950895417482797264e-03
1.950911456788874355e-03
1.950925063351885858e-03
1.950936556016889768e-03
1.950946305545316756e-03
1.950954540399634082e-03
1.950961526242015213e-03
1.950967426772971629e-03
1.950972432347768517e-03
1.950976660262947714e-03
1.950980246914017172e-03
1.950983276347621536e-03
1.950985846295412787e-03
1.950988016979443530e-03
1.950989858427502671e-03
1.950991416897581571e-03
1.950992733245767189e-03
1.950993849938375364e-03
1.950994793143065930e-03
1.950995593288284025e-03
1.950996269123976990e-03
1.950996842453078849e-03
1.950997326710513782e-03
1.950997737518766432e-03
1.950998084504380935e-03
1.950998378861356578e-03
1.950998627487413603e-03
1.950998838403403138e-03
1.950999016551757713e-03
1.950999167679668246e-03
1.950999295328542139e-03
1.950999403616421671e-03
1.950999495080836922e-03
1.950999572672493113e-03
1.950999638209610296e-03
1.950999693806461420e-03
1.950999740765857861e-03
1.950999780602742520e-03
1.950999814250620407e-03
1.950999842794995387e-03
1.950999866904753631e-03
1.950999887357692236e-03
1.950999904633088627e-03
1.950999919288259584e-03
1.950999931691349207e-03
1.950999942167510812e-03
1.950999951054712984e-03
1.950999958561210794e-03
1.950999964929169255e-03
1.950999970307809930e-03
1.950999974870651788e-03
1.950999978724616245e-03
1.950999981994035268e-03
1.950999984755521404e-03
1.950999987098162459e-03
1.950999989076853758e-03
1.950999990755429439e-03
1.950999992173223707e-03
1.950999993375975581e-03
1.950999994391869764e-03
1.950999995253679302e-03
1.950999995981598980e-03
1.950999996599112616e-03
1.950999997120689972e-03
1.950999997563157649e-03
1.950999997936884306e-03
1.950999998253926055e-03
1.950999998523851630e-03
1.950999998750241283e-03
1.950999998941910663e-03
1.950999999104184503e-03
1.950999999241571350e-03
1.950999999357887812e-03
1.950999999456365461e-03
1.950999999539739958e-03
1.950999999610327808e-03
1.950999999670089899e-03
1.950999999720686578e-03
1.950999999763523623e-03
1.950999999799790836e-03
1.950999999830495876e-03
1.950999999856492008e-03
1.950999999878500878e-03
1.950999999897134844e-03
1.950999999913225272e-03
1.950999999926533420e-03
1.950999999937800666e-03
1.950999999947340127e-03
1.950999999955416132e-03
1.950999999962253761e-03
1.950999999968042751e-03
1.950999999972943778e-03
1.950999999977093237e-03
1.950999999980606268e-03
1.950999999983580669e-03
1.950999999986098837e-03
1.950999999988230812e-03
1.950999999990035792e-03
1.950999999991563866e-03
1.950999999992857753e-03
1.950999999993953014e-03
1.950999999994880657e-03
1.950999999995665837e-03
1.950999999996343680e-03
1.950999999996904646e-03
1.950999999997379093e-03
1.950999999997781115e-03
1.950999999998121338e-03
1.950999999998409519e-03
1.950999999998653464e-03
1.950999999998860113e-03
1.950999999999034886e-03
1.950999999999182772e-03
1.950999999999308105e-03
1.950999999999414357e-03
1.950999999999504129e-03
1.950999999999580240e-03
1.950999999999644642e-03
1.950999999999699286e-03
1.950999999999745256e-03
1.950999999999784287e-03
1.950999999999817464e-03
1.950999999999845436e-03
1.950999999999869722e-03
1.950999999999889671e-03
1.950999999999906368e-03
1.950999999999920896e-03
1.950999999999933040e-03
1.950999999999943231e-03
1.950999999999951905e-03
1.950999999999959277e-03
1.950999999999965566e-03
1.950999999999970770e-03
1.950999999999975323e-03
1.950999999999979227e-03
1.950999999999982262e-03
1.950999999999985081e-03
1.950999999999987250e-03
1.950999999999989201e-03
1.950999999999990936e-03
1.950999999999992237e-03
1.950999999999993538e-03
1.950999999999994622e-03
1.950999999999995490e-03
1.950999999999996140e-03
1.950999999999996791e-03
1.950999999999997224e-03
1.950999999999997658e-03
1.950999999999998092e-03
1.950999999999998308e-03
1.950999999999998525e-03
1.950999999999998742e-03
1.950999999999998959e-03
1.950999999999999176e-03
1.950999999999999393e-03
1.950999999999999393e-03
1.950999999999999610e-03
1.950999999999999610e-03
1.950999999999999610e-03
1.950999999999999826e-03
1.950999999999999826e-03
1.950999999999999826e-03
1.950999999999999826e-03
1.950999999999999826e-03
1.950999999999999826e-03
1.950999999999999826e-03
1.951000000000000043e-03
1.951000000000000043e-03
1.951000000000000043e-03
1.951000000000000043e-03
1.951000000000000043e-03
1.951000000000000043e-03
1.951000000000000043e-03
1.951000000000000043e-03
1.951000000000000043e-03
1.951000000000000043e-03
1.951000000000000043e-03
1.951000000000000043e-03
1.951000000000000043e-03
1.951000000000000043e-03
1.951000000000000043e-03
1.951000000000000043e-03
1.951000000000000043e-03
1.951000000000000043e-03
1.951000000000000043e-03
1.951000000000000043e-03
1.951000000000000043e-03
1.951000000000000043e-03
1.951000000000000043e-03
1.951000000000000043e-03
1.951000000000000043e-03
1.951000000000000043e-03
1.951000000000000043e-03
1.951000000000000043e-03
1.951000000000000043e-03
1.951000000000000043e-03
1.951000000000000043e-03
