0.000000000000000000e+00
0.000000000000000000e+00
0.000000000000000000e+00
0.000000000000000000e+00
0.000000000000000000e+00
0.000000000000000000e+00
0.000000000000000000e+00
0.000000000000000000e+00
0.000000000000000000e+00
0.000000000000000000e+00
0.000000000000000000e+00
0.000000000000000000e+00
0.000000000000000000e+00
0.000000000000000000e+00
0.000000000000000000e+00
0.000000000000000000e+00
0.000000000000000000e+00
0.000000000000000000e+00
0.000000000000000000e+00
0.000000000000000000e+00
0.000000000000000000e+00
0.000000000000000000e+00
0.000000000000000000e+00
0.000000000000000000e+00
0.000000000000000000e+00
0.000000000000000000e+00
0.000000000000000000e+00
0.000000000000000000e+00
0.000000000000000000e+00
0.000000000000000000e+00
0.000000000000000000e+00
0.000000000000000000e+00
0.000000000000000000e+00
0.000000000000000000e+00
0.000000000000000000e+00
0.000000000000000000e+00
0.000000000000000000e+00
0.000000000000000000e+00
0.000000000000000000e+00
0.000000000000000000e+00
0.000000000000000000e+00
0.000000000000000000e+00
0.000000000000000000e+00
0.000000000000000000e+00
0.000000000000000000e+00
0.000000000000000000e+00
0.000000000000000000e+00
0.000000000000000000e+00
0.000000000000000000e+00
0.000000000000000000e+00
0.000000000000000000e+00
0.000000000000000000e+00
0.000000000000000000e+00
0.000000000000000000e+00
0.000000000000000000e+00
0.000000000000000000e+00
0.000000000000000000e+00
0.000000000000000000e+00
0.000000000000000000e+00
0.000000000000000000e+00
0.000000000000000000e+00
0.000000000000000000e+00
0.000000000000000000e+00
0.000000000000000000e+00
0.000000000000000000e+00
0.000000000000000000e+00
0.000000000000000000e+00
0.000000000000000000e+00
0.000000000000000000e+00
0.000000000000000000e+00
0.000000000000000000e+00
0.000000000000000000e+00
0.000000000000000000e+00
0.000000000000000000e+00
0.000000000000000000e+00
0.000000000000000000e+00
0.000000000000000000e+00
0.000000000000000000e+00
0.000000000000000000e+00
0.000000000000000000e+00
0.000000000000000000e+00
0.000000000000000000e+00
0.000000000000000000e+00
0.000000000000000000e+00
0.000000000000000000e+00
0.000000000000000000e+00
0.000000000000000000e+00
0.000000000000000000e+00
0.000000000000000000e+00
0.000000000000000000e+00
0.000000000000000000e+00
0.000000000000000000e+00
0.000000000000000000e+00
0.000000000000000000e+00
2.733899994696251936e-04
7.060167882318676459e-04
1.027675408928033825e-03
1.265784953276474951e-03
1.442819731517642817e-03
1.573870689485434241e-03
1.671307259470928815e-03
1.743435210625814743e-03
1.797062442884128121e-03
1.836760293388053000e-03
1.866275700592095761e-03
1.888124641389649213e-03
1.904369359338624118e-03
1.916417029873887772e-03
1.925335383547739383e-03
1.931966191939931635e-03
1.936874683935294571e-03
1.940524154578210153e-03
1.943225695081048088e-03
1.945234294211914926e-03
1.946721170648785682e-03
1.947826665352887961e-03
1.948645013823398957e-03
1.949253457052322605e-03
1.949703860463514789e-03
1.950038736027775261e-03
1.950286629486520061e-03
1.950470938618757743e-03
1.950607374456856183e-03
1.950708814692727775e-03
1.950783906379341577e-03
1.950839737153046071e-03
1.950881066187096832e-03
1.950911794381542368e-03
1.950934541094694963e-03
1.950951453307641888e-03
1.950963972665307458e-03
1.950973280825188567e-03
1.950980171241193262e-03
1.950985294275100514e-03
1.950989086628828438e-03
1.950991906249113306e-03
1.950993997381525284e-03
1.950995545353672667e-03
1.950996696273122688e-03
1.950997548247508477e-03
1.950998181691652403e-03
1.950998650602126872e-03
1.950998999237718405e-03
1.950999257317112415e-03
1.950999449199501733e-03
1.950999591241484509e-03
1.950999696849896933e-03
1.950999775027098624e-03
1.950999833151957283e-03
1.950999876179200076e-03
1.950999908170015238e-03
1.950999931851390241e-03
1.950999949458525609e-03
1.950999962492303008e-03
1.950999972182935202e-03
1.950999979356478212e-03
1.950999984690017378e-03
1.950999988638198786e-03
1.950999991573677036e-03
1.950999993746681000e-03
1.950999995362312457e-03
1.950999996558292404e-03
1.950999997447505152e-03
1.950999998105749662e-03
1.950999998595155487e-03
1.950999998958116450e-03
1.950999999226800397e-03
1.950999999426567032e-03
1.950999999574445703e-03
1.950999999684393344e-03
1.950999999765782884e-03
1.950999999826296327e-03
1.950999999871091658e-03
1.950999999904396614e-03
1.950999999929051154e-03
1.950999999947381760e-03
1.950999999960951201e-03
1.950999999971039919e-03
1.950999999978508337e-03
1.950999999984060970e-03
1.950999999988171398e-03
1.950999999991227547e-03
1.950999999993489843e-03
1.950999999995171657e-03
1.950999999996416972e-03
1.950999999997342664e-03
1.950999999998027879e-03
1.950999999998537454e-03
1.950999999998914540e-03
1.950999999999195132e-03
1.950999999999402648e-03
1.950999999999557038e-03
1.950999999999671313e-03
1.950999999999756098e-03
1.950999999999819198e-03
1.950999999999865819e-03
1.950999999999900513e-03
1.950999999999926101e-03
1.950999999999945183e-03
1.950999999999959277e-03
1.950999999999969902e-03
1.950999999999977709e-03
1.950999999999983347e-03
1.950999999999987683e-03
1.950999999999990936e-03
1.950999999999993321e-03
1.950999999999995056e-03
1.950999999999996357e-03
1.950999999999997224e-03
1.950999999999998092e-03
1.950999999999998525e-03
1.950999999999998959e-03
1.950999999999999176e-03
1.950999999999999393e-03
1.950999999999999610e-03
1.950999999999999610e-03
1.950999999999999826e-03
1.950999999999999826e-03
1.950999999999999826e-03
1.951000000000000043e-03
1.951000000000000043e-03
1.951000000000000043e-03
1.951000000000000043e-03
1.951000000000000043e-03
1.951000000000000043e-03
1.951000000000000043e-03
1.951000000000000043e-03
1.951000000000000043e-03
1.951000000000000043e-03
1.951000000000000043e-03
1.951000000000000043e-03
1.951000000000000043e-03
1.951000000000000043e-03
1.951000000000000043e-03
1.951000000000000043e-03
1.951000000000000043e-03
1.951000000000000043e-03
1.951000000000000043e-03
1.951000000000000043e-03
1.951000000000000043e-03
1.951000000000000043e-03
1.951000000000000043e-03
1.951000000000000043e-03
1.951000000000000043e-03
1.951000000000000043e-03
1.951000000000000043e-03
1.951000000000000043e-03
1.951000000000000043e-03
1.951000000000000043e-03
1.951000000000000043e-03
1.951000000000000043e-03
1.951000000000000043e-03
1.951000000000000043e-03
1.951000000000000043e-03
1.951000000000000043e-03
1.951000000000000043e-03
1.951000000000000043e-03
1.951000000000000043e-03
1.951000000000000043e-03
1.951000000000000043e-03
1.951000000000000043e-03
1.951000000000000043e-03
1.951000000000000043e-03
1.951000000000000043e-03
1.951000000000000043e-03
1.951000000000000043e-03
1.951000000000000043e-03
1.951000000000000043e-03
1.951000000000000043e-03
1.951000000000000043e-03
1.951000000000000043e-03
1.951000000000000043e-03
1.951000000000000043e-03
1.951000000000000043e-03
1.951000000000000043e-03
1.951000000000000043e-03
1.951000000000000043e-03
1.951000000000000043e-03
1.951000000000000043e-03
1.951000000000000043e-03
1.951000000000000043e-03
1.951000000000000043e-03
1.951000000000000043e-03
1.951000000000000043e-03
1.951000000000000043e-03
1.951000000000000043e-03
1.951000000000000043e-03
1.951000000000000043e-03
1.951000000000000043e-03
1.951000000000000043e-03
1.951000000000000043e-03
1.951000000000000043e-03
1.951000000000000043e-03
1.951000000000000043e-03
1.951000000000000043e-03
1.951000000000000043e-03
1.951000000000000043e-03
1.951000000000000043e-03
1.951000000000000043e-03
1.951000000000000043e-03
1.951000000000000043e-03
1.951000000000000043e-03
1.951000000000000043e-03
1.951000000000000043e-03
1.951000000000000043e-03
1.951000000000000043e-03
1.951000000000000043e-03
1.951000000000000043e-03
1.951000000000000043e-03
1.951000000000000043e-03
1.951000000000000043e-03
1.951000000000000043e-03
1.951000000000000043e-03
1.951000000000000043e-03
1.951000000000000043e-03
1.951000000000000043e-03
1.951000000000000043e-03
1.951000000000000043e-03
1.951000000000000043e-03
1.951000000000000043e-03
1.951000000000000043e-03
1.951000000000000043e-03
1.951000000000000043e-03
1.951000000000000043e-03
1.951000000000000043e-03
1.951000000000000043e-03
1.951000000000000043e-03
1.951000000000000043e-03
1.951000000000000043e-03
1.951000000000000043e-03
1.951000000000000043e-03
1.951000000000000043e-03
1.951000000000000043e-03
1.951000000000000043e-03
1.951000000000000043e-03
1.951000000000000043e-03
1.951000000000000043e-03
1.951000000000000043e-03
1.951000000000000043e-03
1.951000000000000043e-03
1.951000000000000043e-03
1.951000000000000043e-03
1.951000000000000043e-03
1.951000000000000043e-03
1.951000000000000043e-03
1.951000000000000043e-03
1.951000000000000043e-03
