0.000000000000000000e+00
0.000000000000000000e+00
0.000000000000000000e+00
0.000000000000000000e+00
0.000000000000000000e+00
0.000000000000000000e+00
0.000000000000000000e+00
0.000000000000000000e+00
0.000000000000000000e+00
0.000000000000000000e+00
0.000000000000000000e+00
0.000000000000000000e+00
0.000000000000000000e+00
0.000000000000000000e+00
0.000000000000000000e+00
0.000000000000000000e+00
0.000000000000000000e+00
0.000000000000000000e+00
0.000000000000000000e+00
0.000000000000000000e+00
0.000000000000000000e+00
0.000000000000000000e+00
0.000000000000000000e+00
0.000000000000000000e+00
0.000000000000000000e+00
0.000000000000000000e+00
0.000000000000000000e+00
0.000000000000000000e+00
0.000000000000000000e+00
0.000000000000000000e+00
0.000000000000000000e+00
0.000000000000000000e+00
0.000000000000000000e+00
0.000000000000000000e+00
0.000000000000000000e+00
0.000000000000000000e+00
0.000000000000000000e+00
0.000000000000000000e+00
0.000000000000000000e+00
0.000000000000000000e+00
0.000000000000000000e+00
0.000000000000000000e+00
0.000000000000000000e+00
0.000000000000000000e+00
0.000000000000000000e+00
0.000000000000000000e+00
0.000000000000000000e+00
0.000000000000000000e+00
0.000000000000000000e+00
0.000000000000000000e+00
0.000000000000000000e+00
0.000000000000000000e+00
0.000000000000000000e+00
0.000000000000000000e+00
0.000000000000000000e+00
0.000000000000000000e+00
0.000000000000000000e+00
0.000000000000000000e+00
0.000000000000000000e+00
0.000000000000000000e+00
0.000000000000000000e+00
0.000000000000000000e+00
0.000000000000000000e+00
0.000000000000000000e+00
0.000000000000000000e+00
0.000000000000000000e+00
0.000000000000000000e+00
0.000000000000000000e+00
0.000000000000000000e+00
0.000000000000000000e+00
0.000000000000000000e+00
0.000000000000000000e+00
0.000000000000000000e+00
0.000000000000000000e+00
0.000000000000000000e+00
0.000000000000000000e+00
0.000000000000000000e+00
0.000000000000000000e+00
0.000000000000000000e+00
0.000000000000000000e+00
0.000000000000000000e+00
0.000000000000000000e+00
0.000000000000000000e+00
0.000000000000000000e+00
0.000000000000000000e+00
0.000000000000000000e+00
0.000000000000000000e+00
2.388846276012174079e-03
2.351629999661666425e-03
2.310321916810503546e-03
2.265421680511913848e-03
2.217826908536352486e-03
2.168050977772102358e-03
2.117033453197553639e-03
2.065273828548743352e-03
2.013702068561982507e-03
1.962778577393975172e-03
1.913375803153218773e-03
1.865893423330150860e-03
1.821104362504064565e-03
1.779330415406451616e-03
1.741210717535007519e-03
1.706977128362460999e-03
1.677109786994210663e-03
1.651743987364585062e-03
1.631185487633424799e-03
1.615471824635920147e-03
1.604711042665967532e-03
1.598900831287426586e-03
1.597940985326395296e-03
1.601698795138366748e-03
1.609994747852209205e-03
1.622543551528242076e-03
1.639100563757628793e-03
1.659252054889013856e-03
1.682704966745236308e-03
1.708946508550892836e-03
1.737653430102020216e-03
1.768246638315966500e-03
1.800391382575392083e-03
1.833476494705718997e-03
1.867173879945992340e-03
1.900874116457048311e-03
1.934272471887699390e-03
1.966792947165975618e-03
1.998168645948528860e-03
2.027885001644025298e-03
2.055724575338405049e-03
2.081257337831263817e-03
2.104323644011988226e-03
2.124595295074950974e-03
2.141975255778057110e-03
2.156248089893242088e-03
2.167380630418854273e-03
2.175274591214855762e-03
2.179958524625375763e-03
2.181449133040831191e-03
2.179831970055464037e-03
2.175217531422897563e-03
2.167779087517109331e-03
2.157671003098530441e-03
2.145152724008099563e-03
2.130411769509039845e-03
2.113774997027866205e-03
2.095451287432116214e-03
2.075813769713108492e-03
2.055080495560534376e-03
2.033648596160942540e-03
2.011733365295165568e-03
1.989733767599236817e-03
1.967851278456860063e-03
1.946465777862298532e-03
1.925755254654673999e-03
1.906061851716891803e-03
1.887532215194136741e-03
1.870455199183499589e-03
1.854940362658055513e-03
1.841211442792245077e-03
1.829337449926884485e-03
1.819469290449455927e-03
1.811634289503969309e-03
1.805907075538401530e-03
1.802274394917796792e-03
1.800735338374721177e-03
1.801239228981015841e-03
1.803721717105234452e-03
1.808077230136496830e-03
1.814208610879023461e-03
1.821953659107422140e-03
1.831192578160186759e-03
1.841717401872170401e-03
1.853393316593512094e-03
1.865980215334097064e-03
1.879336210196195199e-03
1.893203527252076187e-03
1.907441033681966458e-03
1.921787804895661511e-03
1.936110777636074675e-03
1.950159675688529354e-03
1.963815954803737208e-03
1.976852392854542163e-03
1.989170265186828400e-03
2.000575853780404111e-03
2.010994198638755507e-03
2.020273153953637112e-03
2.028363990500110358e-03
2.035161544755535127e-03
2.040644266633792180e-03
2.044756606212733661e-03
2.047503665876776891e-03
2.048879393381963267e-03
2.048913658922704023e-03
2.047647217654596698e-03
2.045131645686492500e-03
2.041440317224323901e-03
2.036670167397412311e-03
2.030897599924196949e-03
2.024254682297530611e-03
2.016828316257550553e-03
2.008772801535348759e-03
2.000180368277180293e-03
1.991218151305937725e-03
1.981978575614557880e-03
1.972632115270947940e-03
1.963266558146481260e-03
1.954046624226960134e-03
1.945051167566141676e-03
1.936430913049839130e-03
1.928252211064810252e-03
1.920644780713294140e-03
1.913659767746403407e-03
1.907400396037494100e-03
1.901900862708940515e-03
1.897234122100631068e-03
1.893416668525554989e-03
1.890489220305544395e-03
1.888450783798218671e-03
1.887303636550064726e-03
1.887049674947698878e-03
1.887651416340333475e-03
1.889074521145899356e-03
1.891274817706076758e-03
1.894199190826579421e-03
1.897786561521386294e-03
1.901968942161381439e-03
1.906672550714849689e-03
1.911818967486340415e-03
1.917326317708161875e-03
1.923110463508780413e-03
1.929086189165664031e-03
1.935168364134890124e-03
1.941273069122224741e-03
1.947318671404343979e-03
1.953226836706593948e-03
1.959044429964568353e-03
1.964453689308128925e-03
1.969517932354052092e-03
1.974180644161402029e-03
1.978392374495884648e-03
1.982111175820197319e-03
1.985302928317514426e-03
1.987941551118971219e-03
1.990009100440286779e-03
1.991495756810354647e-03
1.992399704977856206e-03
1.992726911394378589e-03
1.992490805379603692e-03
1.991711871163042488e-03
1.990417158956810356e-03
1.988639724036213308e-03
1.986418003482909918e-03
1.983795140774434213e-03
1.980818268781647188e-03
1.977463466337254019e-03
1.973927322155471890e-03
1.970196135475758663e-03
1.966325384509928775e-03
1.962370688764598914e-03
1.958387067262455823e-03
1.954428227576789686e-03
1.950545894156310118e-03
1.946789183635175410e-03
1.943204033963168240e-03
1.939832693266811420e-03
1.936713273378193843e-03
1.933879371958797423e-03
1.931359766115170549e-03
1.929178179366179604e-03
1.927353122791756719e-03
1.925897810183966122e-03
1.924820146045574552e-03
1.924122784351050587e-03
1.923803255110954251e-03
1.923859293218887524e-03
1.924276158042787128e-03
1.925034496102664538e-03
1.926113733356137232e-03
1.927489674969553668e-03
1.929134937647787422e-03
1.931019410919252799e-03
1.933110740368224880e-03
1.935374825731447750e-03
1.937776326797141643e-03
1.940279170158632892e-03
1.942847050077530814e-03
1.945443916997273513e-03
1.948034447610580725e-03
1.950584490816740547e-03
1.953061484398797626e-03
1.955434837798199123e-03
1.957676276956343050e-03
1.959760147819577386e-03
1.961702900766862639e-03
1.963401861004910633e-03
1.964884052867811766e-03
1.966136502791814532e-03
1.967149682898335604e-03
1.967917531167971169e-03
1.968437425041246955e-03
1.968710110230897578e-03
1.968739587069295253e-03
1.968532957206081593e-03
1.968100233910039746e-03
1.967454119611524235e-03
1.966609754644107859e-03
1.965584441403975258e-03
1.964397348341581813e-03
1.963069198331472785e-03
1.961621946033238056e-03
1.960078448860435880e-03
1.958462136116826801e-03
1.956796680743097972e-03
1.955068808023411545e-03
1.953375667094613740e-03
1.951703188826583871e-03
1.950072911062184205e-03
1.948505148621417155e-03
1.947018761636724838e-03
1.945630950311966114e-03
1.944357078012211131e-03
1.943210524157121472e-03
1.942202567950160937e-03
1.941342303535249217e-03
1.940636586737569044e-03
1.940090013121651335e-03
1.939704926692869353e-03
1.939481458182949758e-03
1.939417591500505614e-03
1.939509256597893392e-03
1.939750446709321294e-03
1.940133357655022704e-03
1.940661136358529711e-03
1.941300205351297135e-03
1.942048190485860196e-03
1.942891819317680733e-03
1.943816960200666927e-03
1.944808836119479769e-03
1.945852240490921099e-03
1.946931752012561866e-03
1.948031945739409120e-03
1.949137597706277576e-03
1.950233880581731666e-03
1.951306548035833168e-03
1.952342105724956057e-03
1.953327967038973132e-03
1.954252592015278886e-03
1.955105608096439473e-03
