0.000000000000000000e+00
0.000000000000000000e+00
0.000000000000000000e+00
0.000000000000000000e+00
0.000000000000000000e+00
0.000000000000000000e+00
0.000000000000000000e+00
0.000000000000000000e+00
0.000000000000000000e+00
0.000000000000000000e+00
0.000000000000000000e+00
0.000000000000000000e+00
0.000000000000000000e+00
0.000000000000000000e+00
0.000000000000000000e+00
0.000000000000000000e+00
0.000000000000000000e+00
0.000000000000000000e+00
0.000000000000000000e+00
0.000000000000000000e+00
0.000000000000000000e+00
0.000000000000000000e+00
0.000000000000000000e+00
0.000000000000000000e+00
0.000000000000000000e+00
0.000000000000000000e+00
0.000000000000000000e+00
0.000000000000000000e+00
0.000000000000000000e+00
0.000000000000000000e+00
0.000000000000000000e+00
0.000000000000000000e+00
0.000000000000000000e+00
0.000000000000000000e+00
0.000000000000000000e+00
0.000000000000000000e+00
0.000000000000000000e+00
0.000000000000000000e+00
0.000000000000000000e+00
0.000000000000000000e+00
0.000000000000000000e+00
0.000000000000000000e+00
0.000000000000000000e+00
0.000000000000000000e+00
0.000000000000000000e+00
0.000000000000000000e+00
0.000000000000000000e+00
0.000000000000000000e+00
0.000000000000000000e+00
0.000000000000000000e+00
0.000000000000000000e+00
0.000000000000000000e+00
0.000000000000000000e+00
0.000000000000000000e+00
0.000000000000000000e+00
0.000000000000000000e+00
0.000000000000000000e+00
0.000000000000000000e+00
0.000000000000000000e+00
0.000000000000000000e+00
0.000000000000000000e+00
0.000000000000000000e+00
0.000000000000000000e+00
0.000000000000000000e+00
0.000000000000000000e+00
0.000000000000000000e+00
0.000000000000000000e+00
0.000000000000000000e+00
0.000000000000000000e+00
0.000000000000000000e+00
0.000000000000000000e+00
0.000000000000000000e+00
0.000000000000000000e+00
0.000000000000000000e+00
0.000000000000000000e+00
0.000000000000000000e+00
0.000000000000000000e+00
0.000000000000000000e+00
0.000000000000000000e+00
0.000000000000000000e+00
0.000000000000000000e+00
0.000000000000000000e+00
0.000000000000000000e+00
0.000000000000000000e+00
0.000000000000000000e+00
0.000000000000000000e+00
0.000000000000000000e+00
0.000000000000000000e+00
0.000000000000000000e+00
0.000000000000000000e+00
0.000000000000000000e+00
-2.885308294012295070e-19
1.706207148024565807e-04
4.153316281593587961e-04
6.363348300140325578e-04
8.262204513197244455e-04
9.891269277970305036e-04
1.128173465434692850e-03
1.247360131789833912e-03
1.349078472833079630e-03
1.436267154538396805e-03
1.510677072281111852e-03
1.574458105491471612e-03
1.628891102670312506e-03
1.675548764574942865e-03
1.715368068988789825e-03
1.749499491816022432e-03
1.778686958112359875e-03
1.803596577627486833e-03
1.824948049448761123e-03
1.843170153202338063e-03
1.858789369488743001e-03
1.872119362947874659e-03
1.883545269294922223e-03
1.893296543243498187e-03
1.901654922656243309e-03
1.908788260261524376e-03
1.914902655416308042e-03
1.920120897223405367e-03
1.924593753295461215e-03
1.928411047395936452e-03
1.931683070373658734e-03
1.934475530897374626e-03
1.936869109897966729e-03
1.938911875158191118e-03
1.940662847101567610e-03
1.942157188694919193e-03
1.943438075077083028e-03
1.944531228970533716e-03
1.945468234232222053e-03
1.946267907774123888e-03
1.946953354096809131e-03
1.947538338313074347e-03
1.948039762030200810e-03
1.948467694824457903e-03
1.948834500708121866e-03
1.949148174545305015e-03
1.949415874929324435e-03
1.949645336371016394e-03
1.949841166908271610e-03
1.950009024558422080e-03
1.950152280233838006e-03
1.950275072937075228e-03
1.950379868587571791e-03
1.950469694984848347e-03
1.950546356019960308e-03
1.950612066615418699e-03
1.950668146369459758e-03
1.950716215561661745e-03
1.950757239516122225e-03
1.950792403513995459e-03
1.950822413717648307e-03
1.950848137194365712e-03
1.950870090522247198e-03
1.950888907985973099e-03
1.950904967477293641e-03
1.950918732993710920e-03
1.950930480973919788e-03
1.950940550845449732e-03
1.950949144831163771e-03
1.950956511232071868e-03
1.950962797980018313e-03
1.950968186714340359e-03
1.950972785651441293e-03
1.950976727665724433e-03
1.950980098676936359e-03
1.950982975617531834e-03
1.950985441609275539e-03
1.950987546174140367e-03
1.950989350118089664e-03
1.950990889667872895e-03
1.950992209304802357e-03
1.950993335529787806e-03
1.950994300882190639e-03
1.950995124748188415e-03
1.950995830931260720e-03
1.950996433612954984e-03
1.950996950206201463e-03
1.950997391085210111e-03
1.950997768988041101e-03
1.950998091503727784e-03
1.950998367950527697e-03
1.950998603880036699e-03
1.950998806108828788e-03
1.950998978698056420e-03
1.950999126634239472e-03
1.950999252888227856e-03
1.950999361107804168e-03
1.950999453466231281e-03
1.950999532631966880e-03
1.950999600194815208e-03
1.950999658106829585e-03
1.950999707530997902e-03
1.950999749895303758e-03
1.950999786123115091e-03
1.950999817041214768e-03
1.950999843542901681e-03
1.950999866160381836e-03
1.950999885547128601e-03
1.950999902092466400e-03
1.950999916274429946e-03
1.950999928377820502e-03
1.950999938752335117e-03
1.950999947606313865e-03
1.950999955195570129e-03
1.950999961672510424e-03
1.950999967224269563e-03
1.950999971962338007e-03
1.950999976023609726e-03
1.950999979489643175e-03
1.950999982460580040e-03
1.950999984996083314e-03
1.950999987169409504e-03
1.950999989024202949e-03
1.950999990614053813e-03
1.950999991970888596e-03
1.950999993133910098e-03
1.950999994134443305e-03
1.950999994982369418e-03
1.950999995707719753e-03
1.950999996328212777e-03
1.950999996859007369e-03
1.950999997313069938e-03
1.950999997701493172e-03
1.950999998033766227e-03
1.950999998318005222e-03
1.950999998561154906e-03
1.950999998769154756e-03
1.950999998947086211e-03
1.950999999099295402e-03
1.950999999229501795e-03
1.950999999340884920e-03
1.950999999436166992e-03
1.950999999517674709e-03
1.950999999588797938e-03
1.950999999648241274e-03
1.950999999699091656e-03
1.950999999742591149e-03
1.950999999779802051e-03
1.950999999811634010e-03
1.950999999838864182e-03
1.950999999862158048e-03
1.950999999882084600e-03
1.950999999899130427e-03
1.950999999913712295e-03
1.950999999926186041e-03
1.950999999936856542e-03
1.950999999945984440e-03
1.950999999953792865e-03
1.950999999960472634e-03
1.950999999966186813e-03
1.950999999971074830e-03
1.950999999975256381e-03
1.950999999978904938e-03
1.950999999981954365e-03
1.950999999984563173e-03
1.950999999986794678e-03
1.950999999988703741e-03
1.950999999990336549e-03
1.950999999991733435e-03
1.950999999992928443e-03
1.950999999993950629e-03
1.950999999994825146e-03
1.950999999995573246e-03
1.950999999996213359e-03
1.950999999996760447e-03
1.950999999997229039e-03
1.950999999997629544e-03
1.950999999997972151e-03
1.950999999998265103e-03
1.950999999998516204e-03
1.950999999998730659e-03
1.950999999998913889e-03
1.950999999999074135e-03
1.950999999999208142e-03
1.950999999999322417e-03
1.950999999999420429e-03
1.950999999999504129e-03
1.950999999999575686e-03
1.950999999999637052e-03
1.950999999999689528e-03
1.950999999999734414e-03
1.950999999999772794e-03
1.950999999999805754e-03
1.950999999999833727e-03
1.950999999999857796e-03
1.950999999999878179e-03
1.950999999999895960e-03
1.950999999999910922e-03
1.950999999999923932e-03
1.950999999999934774e-03
1.950999999999944315e-03
1.950999999999952338e-03
1.950999999999959277e-03
1.950999999999965132e-03
1.950999999999970336e-03
1.950999999999974456e-03
1.950999999999978142e-03
1.950999999999981178e-03
1.950999999999983997e-03
1.950999999999986382e-03
1.950999999999988334e-03
1.950999999999989852e-03
1.950999999999991586e-03
1.950999999999992671e-03
1.950999999999993755e-03
1.950999999999994405e-03
1.950999999999995273e-03
1.950999999999996140e-03
1.950999999999996574e-03
1.950999999999997007e-03
1.950999999999997441e-03
1.950999999999997658e-03
1.950999999999998092e-03
1.950999999999998308e-03
1.950999999999998525e-03
1.950999999999998742e-03
1.950999999999998742e-03
1.950999999999999176e-03
1.950999999999999176e-03
1.950999999999999393e-03
1.950999999999999393e-03
1.950999999999999393e-03
1.950999999999999610e-03
1.950999999999999610e-03
1.950999999999999610e-03
1.950999999999999610e-03
1.950999999999999610e-03
1.950999999999999610e-03
1.950999999999999610e-03
1.950999999999999826e-03
1.950999999999999826e-03
1.950999999999999826e-03
1.950999999999999826e-03
1.950999999999999826e-03
1.950999999999999826e-03
1.950999999999999826e-03
1.950999999999999826e-03
1.950999999999999826e-03
1.950999999999999826e-03
1.950999999999999826e-03
1.950999999999999826e-03
1.950999999999999826e-03
1.950999999999999826e-03
1.950999999999999826e-03
1.950999999999999826e-03
1.950999999999999826e-03
