0.1128    0.9441
0.0309    0.9441
0.0334    0.9441
-0.1107    0.9441
-0.0315    0.9441
-0.1369    0.9441
-0.1110    0.9441
-0.2004    0.9441
-0.3470    0.9441
-0.2434    0.9441
-0.2434    0.9441
-0.3365    0.1370
-0.5086    0.1370
-0.5462    0.1370
-0.4137    0.1370
-0.4781    0.1370
-0.6309    0.1370
-0.6074    0.1339
-0.6659    0.1339
-0.7223    0.1339
-0.5147    0.1339
-0.6037    0.1339
-0.5207    0.1339
-0.5246    0.1339
-0.4440    0.1339
-0.2890    0.7162
-0.3068    0.7162
-0.2154    0.7162
0.0791    0.7162
0.0141    0.7162
-0.2216    0.7162
-0.0736    0.7162
0.1312    0.7162
0.0155    0.7162
0.0802    0.1083
0.2436    0.1083
0.2973    0.1083
0.3369    0.1083
0.3721    0.1083
0.4846    0.1083
0.5144    0.1083
0.5539    0.1083
0.5660    0.1083
0.4920    0.0985
0.4538    0.0985
0.4443    0.0985
0.3893    0.0985
0.2351    0.0985
0.2821    0.0985
0.1415    0.0985
0.1185    0.0985
0.1627    0.9991
0.3128    0.9991
0.2681    0.9991
0.2366    0.9991
0.3601    0.9991
0.4307    0.9991
0.3780    0.9991
0.5045    0.9991
0.3797    0.9991
0.2508    0.9991
0.2400    0.3051
0.2159    0.3051
0.1819    0.3051
0.0446    0.3051
-0.0005    0.3051
-0.0805    0.3051
-0.0552    0.3051
-0.0116    0.3051
-0.0354    0.3051
-0.0803    0.9367
0.0418    0.9367
0.2009    0.9367
-0.0496    0.9367
-0.0421    0.9367
0.0183    0.9367
0.0156    0.9367
-0.0321    0.9367
0.1159    0.9367
0.1901    0.9367
0.0280    0.9367
0.0283    0.7297
0.1752    0.7297
0.0704    0.7297
0.1355    0.7297
0.1767    0.7297
0.2685    0.7297
0.1971    0.0787
-0.0218    0.0787
0.1227    0.0787
0.0399    0.0787
-0.0063    0.0787
0.1374    0.0787
-0.0065    0.0787
-0.0823    0.0787
0.0203    0.0787
0.0307    0.0787
-0.0657    0.6877
0.1264    0.6877
0.3194    0.6877
0.4695    0.6877
0.5371    0.6877
0.5637    0.6877
0.5136    0.6877
0.7372    0.6877
0.6982    0.9442
0.7712    0.9442
0.7711    0.9442
0.6514    0.9442
0.7491    0.9442
0.5675    0.9442
0.5793    0.7045
0.4749    0.7045
0.2375    0.7045
0.2949    0.7045
0.2464    0.7045
0.3536    0.7045
0.0787    0.5210
0.3175    0.5210
0.2127    0.5210
0.2765    0.5210
0.3221    0.5210
0.4195    0.5210
0.4041    0.5210
0.4402    0.5210
0.4986    0.5210
0.3915    0.5210
0.4881    0.9215
0.4722    0.9215
0.6081    0.9215
0.5617    0.9215
0.6060    0.9215
0.8149    0.9215
0.7496    0.9215
0.7271    0.9215
0.4667    0.9215
0.4940    0.0559
0.2743    0.0559
0.1462    0.0559
0.0962    0.0559
-0.1355    0.0559
-0.2716    0.0559
-0.4237    0.0559
-0.4630    0.0559
-0.4260    0.0559
-0.6782    0.0559
-0.6546    0.0559
-0.7429    0.9844
-0.8078    0.9844
-0.8681    0.9844
-0.8732    0.9844
-1.0181    0.9844
-0.8751    0.9844
-0.8937    0.9844
-0.6901    0.0774
-0.8256    0.0774
-0.7035    0.0774
-0.7130    0.0774
-0.6141    0.0774
-0.6682    0.0774
-0.5913    0.0774
-0.5217    0.3294
-0.5410    0.3294
-0.5699    0.3294
-0.5007    0.3294
-0.4516    0.3294
-0.5686    0.3294
-0.6446    0.3294
-0.7128    0.3294
-0.7076    0.4136
-0.6153    0.4136
-0.5740    0.4136
-0.5003    0.4136
-0.4260    0.4136
-0.3492    0.4136
-0.1736    0.4136
-0.1325    0.4136
-0.0140    0.4136
0.0427    0.4775
0.1461    0.4775
0.2085    0.4775
0.1944    0.4775
0.2959    0.4775
0.3147    0.4775
0.4343    0.4775
0.4870    0.4775
0.5180    0.4775
0.4277    0.9227
0.6643    0.9227
0.6355    0.9227
0.6042    0.9227
0.7084    0.9227
0.5723    0.9227
0.5536    0.9227
0.6471    0.9227
0.6525    0.9227
0.5783    0.9227
0.5548    0.5364
0.4549    0.5364
0.3476    0.5364
0.2264    0.5364
0.0510    0.5364
-0.1092    0.5364
-0.0660    0.5364
-0.1610    0.8150
-0.1018    0.8150
-0.2552    0.8150
-0.2015    0.8150
-0.2509    0.8150
-0.3142    0.8150
-0.0757    0.8150
-0.1898    0.8150
-0.0081    0.8150
-0.0824    0.8150
-0.1331    0.7748
0.0397    0.7748
0.2631    0.7748
0.1236    0.7748
0.2769    0.7748
0.2524    0.7748
0.2713    0.7748
0.3527    0.7748
0.2128    0.7748
0.2181    0.7748
0.3221    0.2758
0.2413    0.2758
0.2367    0.2758
0.3003    0.2758
0.2732    0.2758
0.3563    0.2758
0.2409    0.2758
0.2725    0.2758
0.3067    0.2758
0.2427    0.2758
0.0937    0.2758
0.2832    0.3493
0.1630    0.3493
0.1387    0.3493
0.0205    0.3493
-0.0100    0.3493
0.0272    0.3493
0.0961    0.3493
0.1087    0.3802
0.0656    0.3802
0.1680    0.3802
0.1094    0.3802
0.2263    0.3802
0.2385    0.3802
0.2083    0.3802
0.4137    0.3802
0.3884    0.3802
0.4434    0.3802
0.5226    0.3802
0.6981    0.4143
0.5521    0.4143
0.5446    0.4143
0.6557    0.4143
0.6486    0.4143
0.6611    0.4143
0.8249    0.4143
0.6053    0.4143
0.5570    0.4143
0.6508    0.7244
0.3931    0.7244
0.3876    0.7244
0.4086    0.7244
0.3574    0.7244
0.3831    0.7244
0.2795    0.7244
0.3759    0.4694
0.4673    0.4694
0.4943    0.4694
0.5783    0.4694
0.5685    0.4694
0.5143    0.4694
0.4023    0.4694
0.2771    0.4694
0.2286    0.4694
0.0084    0.4694
0.0912    0.8403
-0.0434    0.8403
0.0193    0.8403
-0.1231    0.8403
-0.3338    0.8403
-0.3059    0.8403
-0.2153    0.8403
-0.2419    0.8403
-0.3264    0.3728
-0.2291    0.3728
-0.2543    0.3728
0.0777    0.3728
-0.0329    0.3728
0.1126    0.3728
0.0584    0.1933
-0.1461    0.1933
-0.0226    0.1933
-0.1793    0.1933
-0.2128    0.1933
-0.3485    0.1933
-0.2119    0.1933
-0.1431    0.1933
-0.3106    0.1933
-0.2751    0.7446
-0.1699    0.7446
-0.1064    0.7446
-0.0340    0.7446
0.0040    0.7446
-0.0169    0.7446
0.0089    0.7446
0.1412    0.7446
0.0209    0.6881
0.1459    0.6881
0.1650    0.6881
0.1036    0.6881
0.2645    0.6881
0.0281    0.6881
0.0398    0.6881
-0.1361    0.6881
-0.1690    0.6881
-0.3566    0.6881
-0.3555    0.5345
-0.4297    0.5345
-0.4555    0.5345
-0.6329    0.5345
-0.5700    0.5345
-0.8761    0.5345
-0.6057    0.5345
-0.8109    0.5345
-0.8361    0.9775
-0.6104    0.9775
-0.5944    0.9775
-0.5234    0.9775
-0.5103    0.9775
-0.4226    0.9775
-0.3163    0.9775
-0.1908    0.2838
-0.0710    0.2838
0.0294    0.2838
0.1359    0.2838
0.0828    0.2838
0.2194    0.2838
0.2295    0.2838
0.0824    0.2838
0.1405    0.4712
0.0699    0.4712
0.0976    0.4712
-0.0819    0.4712
0.0127    0.4712
-0.1212    0.4712
-0.2550    0.4712
-0.4727    0.4712
-0.5272    0.4712
-0.4037    0.4712
-0.5704    0.2900
-0.6127    0.2900
-0.6736    0.2900
-0.6773    0.2900
-0.5553    0.2900
-0.5376    0.2900
-0.5895    0.2900
-0.5151    0.2900
-0.4484    0.2900
-0.4904    0.2900
-0.5832    0.7016
-0.4464    0.7016
-0.2731    0.7016
-0.2111    0.7016
-0.1518    0.7016
0.0157    0.7016
-0.0322    0.7016
0.1937    0.7016
0.3355    0.7016
0.3900    0.7016
0.3966    0.2904
0.4646    0.2904
0.7347    0.2904
0.7069    0.2904
0.7308    0.2904
0.7009    0.2904
0.7210    0.2904
0.7156    0.2904
0.7659    0.2904
0.7785    0.2239
0.6079    0.2239
0.8161    0.2239
0.6723    0.2239
0.6836    0.2239
0.7521    0.2239
0.6478    0.2021
0.6359    0.2021
0.8013    0.2021
0.6899    0.2021
0.5975    0.2021
0.4817    0.2021
0.3587    0.2021
0.3325    0.2021
-0.0064    0.2021
0.0775    0.2021
-0.1402    0.2021
-0.0200    0.8322
-0.0184    0.8322
-0.1072    0.8322
0.0322    0.8322
-0.0286    0.8322
-0.1142    0.8322
-0.0623    0.7527
-0.1267    0.7527
-0.1259    0.7527
0.0170    0.7527
-0.0390    0.7527
0.0859    0.7527
0.0559    0.4401
-0.1261    0.4401
0.0857    0.4401
-0.1154    0.4401
0.0032    0.4401
0.0657    0.4401
-0.1047    0.4401
-0.0820    0.4401
-0.1233    0.4401
-0.2714    0.4401
-0.2296    0.2039
-0.3675    0.2039
-0.2995    0.2039
-0.4560    0.2039
-0.4920    0.2039
-0.5364    0.2039
-0.5853    0.2039
-0.6223    0.2039
-0.7031    0.5579
-0.5924    0.5579
-0.4761    0.5579
-0.3610    0.5579
-0.1257    0.5579
-0.1973    0.5579
-0.0007    0.5579
0.1635    0.5579
0.1915    0.5579
0.0964    0.5579
0.1593    0.7553
0.1897    0.7553
0.2193    0.7553
-0.0733    0.7553
-0.0125    0.7553
-0.1075    0.7553
-0.0386    0.7553
-0.2340    0.7553
-0.2476    0.7553
-0.1177    0.7553
-0.1464    0.7553
-0.1126    0.6167
-0.0519    0.6167
0.0857    0.6167
-0.0258    0.6167
0.2417    0.6167
0.1722    0.6167
0.0881    0.6167
0.3125    0.6167
0.2614    0.6167
0.2307    0.6167
0.2602    0.9869
0.2760    0.9869
0.3730    0.9869
0.3841    0.9869
0.3459    0.9869
0.3118    0.9869
0.3697    0.9869
0.3777    0.9869
0.2119    0.9869
0.1096    0.9869
0.1538    0.2306
0.0408    0.2306
0.0577    0.2306
-0.0135    0.2306
-0.1144    0.2306
-0.2504    0.2306
-0.2533    0.2474
-0.1505    0.2474
-0.3300    0.2474
-0.3168    0.2474
-0.2913    0.2474
-0.4257    0.2474
-0.4966    0.2474
-0.3413    0.1716
-0.3640    0.1716
-0.3711    0.1716
-0.1980    0.1716
-0.0077    0.1716
0.0073    0.1716
0.1350    0.1716
0.1915    0.1716
0.3589    0.3623
0.3275    0.0858
0.3651    0.0858
0.2900    0.0858
0.3406    0.0858
0.4077    0.0858
0.3393    0.0858
0.3512    0.0858
0.3759    0.0858
