0.0856   -0.6147
0.0230   -0.6147
-0.1020   -0.6147
-0.0284   -0.6147
-0.1313   -0.6147
-0.2139   -0.6147
-0.2845   -0.6147
-0.4163   -0.6147
-0.2514    0.3035
-0.3081    0.3035
-0.1421    0.3035
-0.1691    0.3035
-0.1987    0.3035
-0.1634    0.3035
-0.0905   -0.8594
-0.2149   -0.8594
-0.2233   -0.8594
-0.2669   -0.8594
-0.3616   -0.8594
-0.2693   -0.8594
-0.3316   -0.8594
-0.5950    0.6978
-0.3352    0.6978
-0.0692    0.6978
-0.1887    0.6978
-0.2329    0.6978
0.0486    0.6978
-0.1378    0.6978
-0.0015    0.6978
0.2187    0.6978
0.3489   -0.3153
0.2588   -0.3153
0.1137   -0.3153
0.2460   -0.3153
0.1337   -0.3153
0.0380   -0.3153
0.0172   -0.8176
0.0412   -0.8176
0.1108   -0.8176
-0.2541   -0.8176
-0.3232   -0.8176
-0.2836   -0.8176
-0.3641   -0.8176
-0.4050   -0.5860
-0.4362   -0.5860
-0.4532   -0.5860
-0.5490   -0.5860
-0.3723   -0.5860
-0.5778   -0.5860
-0.5726   -0.5860
-0.3808    0.7837
-0.1556    0.7837
-0.0848    0.7837
-0.0632    0.7837
0.1768    0.7837
0.1940    0.7837
0.0888    0.7837
0.1963    0.7837
0.1998    0.7837
0.2547    0.7304
0.4375    0.7304
0.3282    0.7304
0.3293    0.7304
0.5053    0.7304
0.3457    0.7304
0.3631    0.7304
0.5582    0.7304
0.4910    0.7304
0.7038    0.7304
0.4191   -0.9609
0.2830   -0.9609
0.2610   -0.9609
0.0154   -0.9609
-0.1271   -0.9609
-0.0555   -0.9609
-0.3589   -0.9609
-0.3054   -0.9609
-0.3165   -0.9609
-0.4903   -0.9609
-0.4479   -0.9609
-0.4685   -0.8875
-0.5163   -0.8875
-0.5269   -0.8875
-0.5937   -0.8875
-0.7008   -0.8875
-0.6495   -0.8875
-0.8482   -0.8875
-0.6601   -0.5238
-0.4445   -0.5238
-0.5038   -0.5238
-0.5809   -0.5238
-0.4853   -0.5238
-0.4934   -0.5238
-0.4315   -0.5238
-0.3562   -0.5238
-0.4469   -0.5238
-0.3211   -0.5238
-0.2343   -0.8898
-0.3572   -0.8898
-0.5091   -0.8898
-0.3865   -0.8898
-0.4134   -0.8898
-0.5377   -0.8898
-0.3992   -0.8898
-0.5668   -0.8898
-0.7177    0.1997
-0.5608    0.1997
-0.3197    0.1997
-0.3244    0.1997
-0.3530    0.1997
-0.2417    0.1997
-0.1698    0.1997
-0.0827    0.1997
-0.2246    0.1997
-0.0862    0.1997
-0.1692    0.1997
-0.1905    0.9301
0.0855    0.9301
0.1033    0.9301
0.2857    0.9301
0.2659    0.9301
0.2637    0.9301
0.4963    0.9301
0.4511   -0.9062
0.3496   -0.9062
0.2399   -0.9062
0.0964   -0.9062
-0.1278   -0.9062
-0.2231   -0.9062
-0.2021    0.9370
-0.0931    0.9370
0.0348    0.9370
0.0030    0.9370
0.1338    0.9370
0.1620    0.9370
0.2198    0.9370
0.3202    0.9370
0.3328    0.9370
0.4841   -0.2572
0.2667   -0.2572
0.1746   -0.2572
0.1750   -0.2572
0.0642   -0.2572
0.1395   -0.2572
0.0214   -0.7418
0.0731   -0.7418
0.0643   -0.7418
-0.0509   -0.7418
-0.0264   -0.7418
-0.0640   -0.7418
-0.1305   -0.7418
-0.2664   -0.3736
-0.2830   -0.3736
-0.4656   -0.3736
-0.4429   -0.3736
-0.3396   -0.3736
-0.2940   -0.3736
-0.3655   -0.3736
-0.5211   -0.3736
-0.3603    0.5863
-0.1319    0.5863
-0.2112    0.5863
-0.0214    0.5863
0.0852    0.5863
0.0610    0.5863
0.2100    0.5863
0.1365    0.5863
0.1332    0.5863
0.1645    0.5863
0.3520    0.5863
0.2792    0.1042
0.2067    0.1042
0.3509    0.1042
0.1733    0.1042
0.2047    0.1042
0.2224    0.1042
0.2375    0.1042
0.0813    0.1042
0.1132    0.1042
0.0919   -0.5255
0.1043   -0.5255
0.0131   -0.5255
0.0635   -0.5255
0.0188   -0.5255
-0.2366   -0.5255
-0.2499   -0.5255
-0.2449   -0.5527
-0.1567   -0.5527
-0.2147   -0.5527
-0.2687   -0.5527
-0.2431   -0.5527
-0.2988   -0.5527
-0.3952   -0.5527
-0.4448    0.7809
-0.2326    0.7809
0.0024    0.7809
0.1228    0.7809
0.1615    0.7809
0.2959    0.7809
0.1457    0.7589
0.2752    0.7589
0.2088    0.7589
0.0786    0.7589
0.4858    0.7589
0.3631    0.7589
0.4639    0.7589
0.4335    0.7589
0.3352    0.7589
0.4644    0.7589
0.4610   -0.8332
0.2192   -0.8332
0.1192   -0.8332
0.0952   -0.8332
-0.1472   -0.8332
-0.3337   -0.8332
-0.1220   -0.8332
-0.2055   -0.8332
-0.1663   -0.8332
-0.1146   -0.8332
-0.3403   -0.9477
-0.3653   -0.9477
-0.4038   -0.9477
-0.3989   -0.9477
-0.7378   -0.9477
-0.7413   -0.9477
-0.7180   -0.5906
-0.6371   -0.5906
-0.7790   -0.5906
-0.7779   -0.5906
-0.5776   -0.5906
-0.5839   -0.5906
-0.5227   -0.5906
-0.6630   -0.9322
-0.5886   -0.9322
-0.3695   -0.9322
-0.5236   -0.9322
-0.6295   -0.9322
-0.4429   -0.9322
-0.6558   -0.9322
-0.8867   -0.9322
-0.6722   -0.9322
-0.6425    0.2078
-0.5439    0.2078
-0.3801    0.2078
-0.4951    0.2078
-0.3423    0.2078
-0.4169    0.2078
-0.1980    0.0807
-0.2258    0.0807
-0.0804    0.0807
-0.0023    0.0807
-0.1470    0.0807
0.0356    0.0807
-0.1109    0.0807
-0.1755    0.0807
0.1035    0.0807
0.0048    0.2618
0.1073    0.2618
0.0872    0.2618
0.1386    0.2618
0.1609    0.2618
-0.0767    0.2618
0.0111    0.2618
0.0733    0.2618
-0.0714    0.2618
0.0481    0.2618
0.0349    0.2618
0.0445   -0.9041
0.1151   -0.9041
0.0786   -0.9041
0.0104   -0.9041
-0.1519   -0.9041
-0.2946   -0.9041
-0.1258   -0.9041
-0.2788   -0.9041
-0.5186   -0.9041
-0.4367   -0.2835
-0.3192   -0.2835
-0.4683   -0.2835
-0.4886   -0.2835
-0.3788   -0.2835
-0.3088   -0.2835
-0.3184   -0.2835
-0.4373    0.0560
-0.3946    0.0560
-0.3369    0.0560
-0.4518    0.0560
-0.1912    0.0560
-0.1519    0.0560
-0.1850    0.0560
-0.1092    0.0560
-0.0455    0.0560
-0.0528    0.0560
-0.2768   -0.0087
-0.0668   -0.0087
0.0202   -0.0087
-0.0791   -0.0087
0.1473   -0.0087
0.1303   -0.0087
-0.0875   -0.0087
0.0469   -0.0087
-0.0400   -0.0087
0.0210   -0.0087
-0.0519   -0.5865
-0.2833   -0.5865
-0.1331   -0.5865
-0.2609   -0.5865
-0.3045   -0.5865
-0.2536   -0.5865
-0.1971   -0.5865
-0.1785   -0.5865
-0.3991   -0.5865
-0.4604   -0.5865
-0.4103    0.3128
-0.1952    0.3128
-0.1992    0.3128
-0.3037    0.3128
-0.1024    0.3128
-0.1436    0.3128
-0.2408    0.3128
-0.0992    0.3128
0.0280    0.3128
-0.0241    0.3128
0.2848    0.3128
-0.0151   -0.4410
0.0631   -0.4410
0.0698   -0.4410
-0.2928   -0.4410
-0.1202   -0.4410
-0.2301   -0.4410
-0.3809   -0.4410
-0.2373    0.3607
-0.0416    0.3607
-0.0779    0.3607
-0.0344    0.3607
0.0585    0.3607
0.1374    0.3607
0.0056    0.1457
0.1017    0.1457
0.0717    0.1457
-0.1076    0.1457
0.0480    0.1457
0.0998    0.1457
-0.0370    0.1457
0.1403    0.1457
0.1984    0.1457
0.0642    0.1457
0.2097    0.1457
-0.0866    0.2758
-0.1104    0.2758
0.1288    0.2758
0.0744    0.2758
0.1763    0.2758
0.3493    0.2758
0.1570    0.2758
0.2838    0.2758
0.0765    0.2758
0.2545    0.2758
0.1805    0.2758
-0.0545    0.2747
0.0079    0.2747
0.1594    0.2747
0.1724    0.2747
0.1343    0.2747
0.3006    0.2747
0.1364    0.2747
0.1642    0.2747
0.2948    0.2747
0.2023    0.2747
0.2035    0.2747
0.2384    0.7587
0.3041    0.7587
0.2781    0.7587
0.3228    0.7587
0.3984    0.7587
0.2261    0.7587
0.4345    0.7587
0.3604    0.7587
0.4220    0.7587
0.5848    0.7587
0.6273   -0.3788
0.5819   -0.3788
0.4448   -0.3788
0.3727   -0.3788
0.2634   -0.3788
0.1639   -0.3788
0.1389   -0.3788
0.0241   -0.3788
-0.0660   -0.3788
0.1253   -0.3788
0.0458   -0.3788
-0.0911   -0.4515
-0.0607   -0.4515
-0.0217   -0.4515
-0.2726   -0.4515
-0.3840   -0.4515
-0.1705   -0.4515
-0.4523   -0.4515
-0.4213   -0.4515
-0.3803   -0.4515
-0.3267   -0.7095
-0.4119   -0.7095
-0.3452   -0.7095
-0.3842   -0.7095
-0.4479   -0.7095
-0.3178   -0.7095
-0.4702    0.1042
-0.4153    0.1042
-0.2583    0.1042
-0.3430    0.1042
-0.1599    0.1042
-0.1244    0.1042
-0.0995    0.1042
-0.0206    0.1118
0.0142    0.1118
0.0651    0.1118
0.0281    0.1118
0.0360    0.1118
0.2197    0.1118
0.0528    0.1118
0.0042    0.0875
0.1614    0.0875
0.1884    0.0875
0.0731    0.0875
0.0725    0.0875
0.2446    0.0875
-0.0458    0.0875
0.0107    0.0875
-0.0131    0.0875
-0.0778   -0.8379
-0.1431   -0.8379
-0.1831   -0.8379
-0.1392   -0.8379
-0.0605   -0.8379
-0.2779   -0.8379
-0.2930   -0.8379
-0.3034   -0.8379
-0.3291   -0.8379
-0.3401   -0.8379
-0.6460   -0.8379
-0.7521    0.3144
-0.4786    0.3144
-0.3962    0.3144
-0.1873    0.3144
-0.2374    0.3144
-0.1538    0.3144
-0.0504   -0.0272
-0.1073   -0.0272
0.0591   -0.0272
-0.0364   -0.0272
0.0694   -0.0272
0.0895   -0.0272
-0.1543   -0.0272
0.0762   -0.3720
-0.0741   -0.3720
-0.2371   -0.3720
-0.1876   -0.3720
-0.0891   -0.3720
-0.1322   -0.3720
-0.2418   -0.3720
-0.1204   -0.3720
-0.2263   -0.3720
-0.1691    0.9457
-0.0507    0.9457
-0.0049    0.9457
0.3379    0.9457
0.0191    0.9457
0.0827    0.9457
0.3653    0.9457
0.3974    0.9457
0.5059    0.7908
0.4594    0.7908
0.4436    0.7908
0.4551    0.7908
0.5967    0.7908
0.6526    0.7908
0.5966   -0.7568
0.3215   -0.7568
0.3598   -0.7568
0.1344   -0.7568
0.0328   -0.7568
0.0491   -0.7568
-0.2118   -0.7568
-0.2277   -0.7568
-0.2006   -0.7568
-0.3613   -0.7568
-0.4001   -0.7568
-0.4766    0.5046
-0.4360    0.5046
-0.3086    0.5046
-0.2232    0.5046
-0.0349    0.5046
0.0085    0.5046
0.0822    0.1927
0.1058   -0.0813
0.1856   -0.0813
-0.0951   -0.0813
-0.0008   -0.0813
-0.0765   -0.0813
-0.0540   -0.0813
