         0    0.9161
         0    0.9161
    2.6756    0.9161
    2.4137    0.9161
    1.7216    0.9161
    1.9621    0.9161
    1.8428    0.9161
    1.9625    0.9161
    1.9756    0.9161
    1.8326    0.9161
    1.8494    0.5907
    1.3546    0.5907
    1.0526    0.5907
    1.2221    0.5907
    1.3800    0.5907
    1.2950    0.5907
    1.2069    0.5907
    1.1978    0.5907
    1.2064    0.5907
    1.2762    0.3190
    0.6997    0.3190
    0.4624    0.3190
    0.6717    0.3190
    0.6562    0.3190
    0.6091    0.3190
    0.6101    0.3190
    0.7202    0.3190
    0.8172    0.4156
    1.0195    0.4156
    0.9569    0.4156
    0.6619    0.4156
    0.7709    0.4156
    1.0038    0.4156
    0.8482    0.3339
    0.7667    0.3339
    0.6943    0.3339
    0.7837    0.3339
    0.7349    0.3339
    0.8294    0.3339
    0.5942    0.3339
    0.8197    0.3339
    0.7073    0.3339
    0.8279    0.3339
    0.5765    0.3339
    0.7642    0.1370
    0.2672    0.1370
    0.0334    0.1370
    0.2680    0.1370
    0.3084    0.1370
    0.2618    0.1370
    0.3647    0.1370
    0.2773    0.5457
    1.1723    0.5457
    1.5450    0.5457
    1.0771    0.5457
    1.1626    0.5457
    1.0637    0.5457
    1.0600    0.5457
    0.9577    0.5457
    1.1990    0.5457
    1.3608    0.2115
    0.5404    0.2115
    0.1694    0.2115
    0.4135    0.2115
    0.6161    0.2115
    0.3880    0.2115
    0.3531    0.2115
    0.6524    0.2115
    0.3575    0.2115
    0.5235    0.2115
    0.4174    0.2115
    0.2764    0.3840
    0.9664    0.3840
    1.1112    0.3840
    0.4724    0.3840
    0.9273    0.3840
    0.7915    0.3840
    0.7160    0.3840
    0.7616    0.3840
    0.9018    0.3840
    0.7879    0.3840
    0.6927    0.2165
    0.5344    0.2165
    0.4122    0.2165
    0.3581    0.2165
    0.5078    0.2165
    0.5950    0.2165
    0.5854    0.2165
    0.3016    0.2165
    0.5042    0.2165
    0.4996    0.2165
    0.4153    0.4471
    0.9955    0.4471
    1.1247    0.4471
    0.8573    0.4471
    0.8280    0.4471
    0.8873    0.4471
    0.9182    0.4471
    0.9410    0.4471
    1.1520    0.4471
    0.9292    0.4471
    0.8878    0.4471
    0.9945    0.3593
    0.6494    0.3593
    0.6382    0.3593
    0.7830    0.3593
    1.0144    0.3593
    0.5894    0.3593
    0.8188    0.3593
    0.8196    0.3593
    0.6634    0.3593
    0.6911    0.3593
    0.8464    0.3593
    0.5798    0.5886
    1.0278    0.5886
    1.3775    0.5886
    1.0801    0.5886
    1.0107    0.5886
    1.4038    0.5886
    1.3958    0.5886
    1.2223    0.5886
    1.1562    0.5886
    1.1686    0.5886
    1.1397    0.1648
    0.3900    0.1648
    0.1381    0.1648
    0.3053    0.1648
    0.5224    0.1648
    0.3418    0.1648
    0.2572    0.1648
    0.3202    0.1648
    0.4151    0.1648
    0.5134    0.1648
    0.3713    0.5643
    1.1812    0.5643
    1.2485    0.5643
    1.3695    0.5643
    1.2213    0.5643
    1.2368    0.5643
    1.0272    0.8745
    1.9536    0.8745
    1.9854    0.8745
    1.9920    0.8745
    1.7690    0.8745
    1.9136    0.8745
    1.7896    0.8745
    1.8927    0.8745
    1.8106    0.8745
    1.7434    0.5017
    1.2855    0.5017
    0.9552    0.5017
    0.9820    0.5017
    1.0414    0.5017
    1.0643    0.5017
    1.0658    0.5017
    1.0504    0.5017
    0.8704    0.5017
    1.0267    0.3628
    0.8819    0.3628
    0.5966    0.3628
    0.6100    0.3628
    0.7446    0.3628
    0.8478    0.3628
    0.7392    0.3628
    0.6518    0.5224
    1.2852    0.5224
    1.3780    0.5224
    1.0743    0.5224
    1.0011    0.5224
    1.1743    0.5224
    1.2221    0.5224
    1.0527    0.5224
    0.9751    0.5224
    1.1676    0.5224
    1.3315    0.7462
    1.4818    0.7462
    1.6176    0.7462
    1.5469    0.7462
    1.7976    0.7462
    1.5923    0.7462
    1.4055    0.7462
    1.5885    0.7462
    1.7983    0.7462
    1.6861    0.9906
    2.0171    0.9906
    2.3573    0.9906
    2.1681    0.9906
    1.9549    0.9906
    2.2156    0.9906
    2.0207    0.9906
    2.2361    0.9906
    2.2029    0.9906
    2.1386    0.5950
    1.2171    0.5950
    0.9988    0.5950
    1.3653    0.5950
    1.5820    0.5950
    1.1746    0.5950
    1.0963    0.5950
    1.4443    0.5950
    1.1923    0.5950
    1.0483    0.5950
    1.4043    0.5732
    1.2736    0.5732
    1.1584    0.5732
    1.2910    0.5732
    1.1487    0.5732
    0.9445    0.5732
    1.4108    0.5732
    1.3217    0.5732
    1.2331    0.5732
    1.3152    0.5732
    1.2279    0.9233
    1.8791    0.9233
    2.0718    0.9233
    1.9479    0.9233
    1.8521    0.9233
    1.8178    0.9233
    2.0699    0.9233
    2.2015    0.9233
    2.0434    0.9233
    1.7101    0.9233
    2.1540    0.2694
    0.6386    0.2694
    0.1621    0.2694
    0.5224    0.2694
    0.8024    0.2694
    0.5784    0.2694
    0.5074    0.2694
    0.5716    0.2694
    0.5579    0.2694
    0.5209    0.2694
    0.5617    0.8634
    1.8342    0.8634
    2.0913    0.8634
    1.7777    0.8634
    1.8236    0.8634
    1.8747    0.8634
    2.0329    0.8634
    1.7652    0.8634
    1.7431    0.8634
    2.0592    0.8634
    1.9753    0.8634
    1.8495    0.1514
    0.2260    0.1514
   -0.1549    0.1514
    0.4507    0.1514
    0.5450    0.1514
    0.2261    0.1514
    0.2950    0.1514
    0.4078    0.1514
    0.3931    0.1514
    0.3136    0.5861
    1.1702    0.5861
    1.5824    0.5861
    1.3456    0.5861
    1.1345    0.5861
    1.2703    0.5861
    1.3887    0.5861
    1.1366    0.5861
    1.2079    0.5861
    1.2975    0.5861
    1.2249    0.0631
    0.1846    0.0631
   -0.1718    0.0631
    0.1993    0.0631
    0.1764    0.0631
   -0.0266    0.0631
    0.1632    0.0631
    0.1970    0.0631
    0.0961    0.0631
    0.2741    0.0631
    0.1309    0.8899
    1.7422    0.8899
    2.6402    0.8899
    1.8256    0.8899
    1.6500    0.8899
    2.0569    0.8899
    2.0393    0.8899
    1.9301    0.8899
    1.8926    0.9399
    2.2465    0.9399
    1.9597    0.9399
    2.0407    0.9399
    1.9981    0.9399
    1.9123    0.9399
    1.9569    0.9399
    2.2748    0.9399
    1.9679    0.9399
    2.0282    0.9399
    1.9460    0.9399
    2.0726    0.0935
    0.3668    0.0935
   -0.3380    0.0935
    0.2622    0.0935
    0.2663    0.0935
    0.0657    0.0935
    0.2371    0.0935
    0.2416    0.0935
    0.2171    0.0942
    0.1995    0.0942
    0.0448    0.0942
    0.2068    0.0942
    0.2349    0.0942
   -0.0025    0.0942
    0.3036    0.0942
    0.1101    0.0942
    0.0144    0.1070
    0.3194    0.1070
    0.2540    0.1070
   -0.1118    0.1070
    0.3278    0.1070
   -0.0068    0.1070
    0.2531    0.1070
    0.0131    0.1070
    0.2777    0.1070
    0.1532    0.1070
    0.1346    0.1070
    0.2129    0.3366
    0.1402    0.3366
    1.0289    0.3366
    0.1865    0.3366
    0.8402    0.3366
    0.4035    0.3366
    0.4785    0.3366
    0.7243    0.3366
    0.5033    0.3366
    0.5337    0.8536
    0.8165    0.8536
    2.0823    0.8536
    0.6711    0.8536
    1.7443    0.8536
    1.2641    0.8536
    1.2860    0.8536
    1.3789    0.4807
    1.0510    0.4807
    0.1964    0.4807
    1.0800    0.4807
    0.5730    0.4807
    0.8750    0.4807
    0.9321    0.4807
    0.7175    0.4807
    0.9007    0.4807
    0.7774    0.2551
    0.6799    0.2551
    0.1688    0.2551
    0.4953    0.2551
    0.3721    0.2551
    0.5009    0.2551
    0.2903    0.2551
    0.5514    0.2551
    0.3916    0.2551
    0.3614    0.3604
    0.5819    0.3604
    0.5313    0.3604
    0.5390    0.3604
    0.4408    0.3604
    0.7258    0.3604
    0.4388    0.1530
    0.6053    0.1530
   -0.1779    0.1530
    0.4866    0.1530
    0.2281    0.1530
    0.3188    0.1530
    0.2663    0.1530
    0.1390    0.1530
    0.3760    0.1530
    0.1180    0.8632
    0.6258    0.8632
    2.3678    0.8632
    0.6772    0.8632
    1.8322    0.8632
    1.1320    0.8632
    1.4157    0.3298
    1.2212    0.3298
   -0.2783    0.3298
    1.0190    0.3298
    0.3047    0.3298
    0.6892    0.3298
    0.4961    0.3298
    0.4842    0.7110
    0.7256    0.7110
    1.8214    0.7110
    0.6067    0.7110
    1.1442    0.7110
    1.3404    0.7110
    0.8649    0.7110
    1.1867    0.0054
    0.7198    0.0054
   -1.1106    0.0054
    0.8864    0.0054
   -0.4758    0.0054
   -0.0731    0.0054
    0.4218    0.2914
   -0.2302    0.2914
    1.0543    0.2914
    0.1924    0.2914
    0.5983    0.2914
    0.4778    0.2914
    0.2629    0.0891
    0.6184    0.0891
   -0.4091    0.0891
    0.5594    0.0891
    0.0485    0.0891
    0.2591    0.0891
    0.1485    0.0891
    0.2244    0.0891
    0.0780    0.0891
    0.3191    0.0891
   -0.1130    0.0891
    0.2130    0.1444
    0.2396    0.1444
    0.0347    0.1444
    0.4473    0.1444
    0.2419    0.1444
    0.1035    0.1444
    0.3612    0.1444
    0.1212    0.1444
    0.2421    0.1444
    0.3123    0.1444
    0.2120    0.1444
    0.1730    0.2128
    0.3007    0.2128
    0.3285    0.2128
    0.3191    0.2128
    0.3582    0.2128
    0.3934    0.2128
    0.0919    0.2128
    0.7436    0.2128
    0.2142    0.2128
    0.4200    0.2128
    0.2597    0.5043
    0.6038    0.5043
    1.2382    0.5043
    0.6013    0.5043
    0.8173    0.5043
    0.8320    0.5043
    0.9718    0.5043
    0.6908    0.0454
    0.4559    0.0454
   -0.3913    0.0454
    0.4314    0.0454
   -0.0341    0.0454
    0.0603    0.0454
    0.1928    0.0697
   -0.0099    0.0697
    0.3059    0.0697
    0.0033    0.0697
    0.1740    0.0697
    0.0967    0.0697
    0.0269    0.0697
    0.4225    0.0697
   -0.1116    0.0697
    0.2492    0.0697
    0.0195    0.0697
    0.1504    0.3407
    0.2985    0.3407
    0.9250    0.3407
    0.2026    0.3407
    0.7349    0.3407
    0.3118    0.3407
    0.5846    0.3407
    0.5412    0.3407
    0.5611    0.3407
    0.6131    0.6639
    0.8412    0.6639
    1.3163    0.6639
    0.6364    0.6639
    1.5071    0.6639
    0.8618    0.6639
    1.2054    0.6639
    1.0672    0.6639
    1.1140    0.6639
    0.9591    0.6639
    1.0825    0.6639
    1.0484    0.3936
    0.8277    0.3936
    0.3025    0.3936
    0.9687    0.3936
    0.4080    0.3936
    0.7847    0.3936
    0.5423    0.3936
    0.5460    0.7487
    0.9984    0.7487
    1.5103    0.7487
    0.8544    0.7487
    1.2934    0.7487
    1.2523    0.7487
    0.9996    0.9798
    1.5756    0.9798
    1.7100    0.9798
    1.4079    0.9798
    1.6539    0.9798
    1.6039    0.9798
    1.3954    0.6653
    1.5334    0.5404
    0.6019    0.5404
    0.9282    0.5404
    0.8815    0.5404
    0.8345    0.5404