    0.1422    0.4804
    0.0864    0.4804
    0.5111    0.4804
    0.2239    0.4804
    0.3753    0.4804
    0.1696    0.4804
    0.2491    0.4804
    0.4151    0.4804
    0.3857    0.4804
    0.1345    0.7980
    0.3386    0.7980
    0.6084    0.7980
    0.5102    0.7980
    0.5754    0.7980
    0.5516    0.7980
    0.7485    0.7980
    0.3826    0.7980
    0.6425    0.7980
    0.6593    0.9723
    0.5266    0.9723
    0.5387    0.9723
    0.5106    0.9723
    0.7260    0.9723
    0.4937    0.9723
    0.6852    0.9723
    0.6626    0.9723
    0.6815    0.9723
    0.8237    1.8499
    0.6402    1.8499
    1.6030    1.8499
    1.0971    1.8499
    1.6325    1.8499
    1.3099    1.8499
    1.1585    1.8499
    1.1139    1.8499
    1.3432    1.8499
    1.4253   -1.3565
    1.2941   -1.3565
   -1.9607   -1.3565
   -0.5098   -1.3565
   -1.1015   -1.3565
   -0.8085   -1.3565
   -0.9613   -1.3565
   -0.7865   -1.3565
   -1.1096   -1.3565
   -0.8836   -0.3556
   -1.0786   -0.3556
    0.1735   -0.3556
   -0.4493   -0.3556
   -0.1782   -0.3556
   -0.3793   -0.3556
   -0.2556   -0.3556
   -0.3319   -0.3556
   -0.2306   -0.7852
   -0.3013   -0.7852
   -0.7528   -0.7852
   -0.3672   -0.7852
   -0.6379   -0.7852
   -0.4763   -0.7852
   -0.5393   -1.5986
   -0.6922   -1.5986
   -1.3250   -1.5986
   -0.8666   -1.5986
   -1.0762   -1.5986
   -1.1015   -1.5986
   -1.0868   -1.5986
   -1.0430   -1.5986
   -1.0943   -1.5986
   -1.0106   -1.5986
   -0.9446    1.5160
   -0.9540    1.5160
    1.8990    1.5160
    0.4216    1.5160
    1.2495    1.5160
    0.7723    1.5160
    1.0962    1.5160
    1.1023    1.5160
    0.9797    1.5160
    1.0296    1.5160
    0.9454    1.5160
    1.0905    0.7496
    0.8917    0.7496
    0.2371    0.7496
    0.6646    0.7496
    0.5331    0.7496
    0.5083    0.7496
    0.3900    1.3749
    0.4451    1.3749
    1.1796    1.3749
    1.0178    1.3749
    0.8959    1.3749
    0.8550    1.3749
    0.8634    1.3749
    0.8869    1.3749
    0.8781    0.6763
    0.9374    0.6763
    0.3921    0.6763
    0.5583    0.6763
    0.4750    0.6763
    0.5977    0.6763
    0.5278    0.6763
    0.6216   -0.0413
    0.4847   -0.0413
   -0.3957   -0.0413
    0.1988   -0.0413
   -0.2007   -0.0413
   -0.0289   -0.0413
   -0.0668   -0.0413
    0.1196   -0.0413
   -0.1059   -0.0413
    0.0220    1.7861
    0.1127    1.7861
    1.7407    1.7861
    0.8231    1.7861
    1.3546    1.7861
    1.0911    1.7861
    1.1485    1.7861
    1.2137   -0.6474
    1.2417   -0.6474
   -1.1401   -0.6474
    0.1151   -0.6474
   -0.6519   -0.6474
   -0.2503   -0.6474
   -0.6356    1.9960
   -0.4972    1.9960
    2.0502    1.9960
    0.8497    1.9960
    1.6315    1.9960
    1.3220    1.9960
    1.4796    1.9960
    1.4843    1.9960
    1.2996    1.9960
    1.2109   -1.3149
    1.0816   -1.3149
   -1.9598   -1.3149
   -0.2853   -1.3149
   -1.1345   -1.3149
   -0.7879   -1.3149
   -0.8013   -0.8908
   -0.9448   -0.8908
   -0.2115   -0.8908
   -0.6455   -0.8908
   -0.5909   -0.8908
   -0.5036   -0.8908
   -0.5853    0.6596
   -0.4697    0.6596
    1.1217    0.6596
    0.0503    0.6596
    0.6467    0.6596
    0.4002    0.6596
    0.5824    0.6596
    0.2487    0.6596
    0.5613    0.6596
    0.4758    0.6596
    0.6103   -1.8856
    0.2302   -1.8856
   -2.1068   -1.8856
   -0.8425   -1.8856
   -1.4473   -1.8856
   -0.8972   -1.8856
   -1.2698    0.9779
   -1.0674    0.9779
    1.5046    0.9779
    0.0493    0.9779
    0.8487    0.9779
    0.4480    0.9779
    0.6678    0.9779
    0.6761    0.9779
    0.6638    0.9779
    0.5488    0.9779
    0.7949    0.9779
    0.5674   -0.5615
    0.7775   -0.5615
   -0.8275   -0.5615
   -0.2514   -0.5615
   -0.4119   -0.5615
   -0.1976   -0.5615
   -0.3559   -0.5615
   -0.3804   -0.5615
   -0.3361   -0.5615
   -0.2100   -0.3846
   -0.3019   -0.3846
   -0.1675   -0.3846
   -0.3833   -0.3846
   -0.3130   -0.3846
   -0.3503   -0.3846
   -0.2635   -0.3846
   -0.2368   -0.3846
   -0.2058   -0.3846
   -0.1769    0.2439
   -0.2302    0.2439
    0.5018    0.2439
    0.0888    0.2439
    0.0107    0.2439
   -0.0248    0.2439
    0.2543    0.2439
    0.2585    0.2439
    0.1464    0.2439
    0.3334   -1.6699
    0.0225   -1.6699
   -1.8044   -1.6699
   -0.8261   -1.6699
   -1.3343   -1.6699
   -1.0794   -1.6699
   -1.2309   -1.6699
   -1.0122    0.0858
   -1.1266    0.0858
    0.4411    0.0858
   -0.1822    0.0858
    0.2431    0.0858
    0.1420    0.0858
    0.1179    0.0858
   -0.0204    0.0858
    0.1984    0.0858
   -0.0250    0.0858
    0.0118   -1.8976
    0.0029   -1.8976
   -1.9949   -1.8976
   -0.8987   -1.8976
   -1.4194   -1.8976
   -1.3661   -1.8976
   -1.2628   -1.8976
   -1.3271   -1.8976
   -1.2755   -1.8976
   -1.3075   -0.0070
   -1.2433   -0.0070
    0.6737   -0.0070
   -0.3965   -0.0070
    0.1987   -0.0070
   -0.0880   -0.0070
   -0.0239   -0.0070
   -0.0309   -0.0070
    0.0982    1.3545
    0.0736    1.3545
    1.3002    1.3545
    0.6313    1.3545
    1.1022    1.3545
    0.8260    1.3545
    1.0525    1.3545
    0.7583    1.9468
    0.9602    1.9468
    1.5207    1.9468
    1.2819    1.9468
    1.3934    1.9468
    1.3568    1.9468
    1.2356    1.9468
    1.4401    1.9468
    1.3254    1.9468
    1.3823    1.9468
    1.2290    1.9468
    1.4201   -1.0203
    1.2967   -1.0203
   -1.8175   -1.0203
   -0.1839   -1.0203
   -1.0335   -1.0203
   -0.7169   -1.0203
   -0.7416   -1.0203
   -0.6034   -1.0203
   -0.8966   -1.0203
   -0.5184    0.5404
   -0.6163    0.5404
    0.9312    0.5404
    0.1148    0.5404
    0.7127    0.5404
    0.2773    0.5404
    0.3955    0.5404
    0.3406    0.5404
    0.3674   -1.6547
    0.3389   -1.6547
   -1.8138   -1.6547
   -0.8713   -1.6547
   -1.2979   -1.6547
   -0.9925   -1.6547
   -1.3035   -1.0403
   -1.0592   -1.0403
   -0.5415   -1.0403
   -0.7210   -1.0403
   -0.8265   -1.0403
   -0.6572   -1.0403
   -0.7425   -1.0403
   -0.7465   -1.9960
   -0.6919   -1.9960
   -1.6299   -1.9960
   -1.1993   -1.9960
   -1.5779   -1.9960
   -1.2080   -1.9960
   -1.5183   -1.9960
   -1.3362   -1.9960
   -1.3670   -1.9960
   -1.3172   -1.9960
   -1.3837    1.2640
   -1.3448    1.2640
    1.8805    1.2640
    0.2617    1.2640
    0.9553    1.2640
    0.7185    1.2640
    0.9487   -0.7198
    0.7235   -0.7198
   -1.0061   -0.7198
   -0.1886   -0.7198
   -0.4671   -0.7198
   -0.5110   -0.7198
   -0.7562   -1.2894
   -0.5620   -1.2894
   -1.2315   -1.2894
   -0.7232   -1.2894
   -0.7935   -1.2894
   -0.8702   -1.2894
   -0.8866   -1.2894
   -0.8862    1.8308
   -0.7578    1.8308
    2.4404    1.8308
    0.5872    1.8308
    1.5983    1.8308
    1.0797    1.8308
    1.2948    1.8308
    1.3835    1.0947
    1.1409    1.0947
    0.5218    1.0947
    0.7792    1.0947
    0.5785    1.0947
    0.7099    1.0947
    0.7720    1.0947
    0.8402    1.0947
    0.8436    1.0947
    0.5777   -0.0892
    0.7135   -0.0892
   -0.2248   -0.0892
    0.1224   -0.0892
   -0.2457   -0.0892
   -0.1016   -0.0892
   -0.0087   -0.0892
    0.0617   -0.0892
   -0.1320   -0.0892
    0.0055   -0.0892
   -0.1587   -0.0892
    0.1177   -0.7006
    0.0041   -0.7006
   -0.6152   -0.7006
   -0.3496   -0.7006
   -0.4545   -0.7006
   -0.6317   -0.7006
   -0.4186    1.4666
   -0.5040    1.4666
    1.5262    1.4666
    0.6847    1.4666
    1.1669    1.4666
    0.7823    1.4666
    0.9915    1.4666
    1.0516   -0.7058
    0.9593   -0.7058
   -1.2447   -0.7058
   -0.2466   -0.7058
   -0.7031   -0.7058
   -0.3486   -0.7058
   -0.5492   -0.7058
   -0.5090   -0.7058
   -0.5409   -1.1587
   -0.3682   -1.1587
   -0.9189   -1.1587
   -0.6250   -1.1587
   -0.8662   -1.1587
   -0.5600   -1.1587
   -0.6289   -1.1587
   -0.7876   -1.1587
   -0.6177   -1.1587
   -0.6917   -0.9102
   -0.8819   -0.9102
   -0.7988   -0.9102
   -0.7257   -0.9102
   -0.6443   -0.9102
   -0.5862   -0.9102
   -0.7496    0.8209
   -0.5256    0.8209
    1.0695    0.8209
    0.2687    0.8209
    0.7648    0.8209
    0.5918    0.8209
    0.6259    0.8209
    0.4306    0.8209
    0.6567    0.3755
    0.5239    0.3755
    0.0529    0.3755
    0.3613    0.3755
    0.2076    0.3755
    0.1729    0.3755
    0.3593    0.3755
    0.2499    0.3755
    0.2758    0.9108
    0.0795    0.9108
    0.7372    0.9108
    0.4959    0.9108
    0.6181    0.9108
    0.8626    0.9108
    0.5558    0.9108
    0.7632    1.8946
    0.9187    1.8946
    1.6008    1.8946
    1.0051    1.8946
    1.1883    1.8946
    1.2564    1.8946
    1.1860    1.8946
    1.3951    1.8946
    1.1941   -0.0816
    1.2407   -0.0816
   -0.7285   -0.0816
    0.2460   -0.0816
   -0.1387   -0.0816
    0.0805   -0.0816
   -0.1243   -0.0816
   -0.1729   -0.0816
   -0.0914    1.0865
    0.0834    1.0865
    1.0729    1.0865
    0.4001    1.0865
    0.8707    1.0865
    0.7034    1.0865
    0.6353    1.0865
    0.8838    1.0865
    0.7620    1.0865
    0.7518   -1.2706
    0.7010   -1.2706
   -1.7682   -1.2706
   -0.4177   -1.2706
   -0.9463   -1.2706
   -0.8033   -1.2706
   -0.7789   -1.2706
   -0.7020    1.1984
   -0.9506    1.1984
    1.6671    1.1984
    0.2952    1.1984
    1.0488    1.1984
    0.7185    1.1984
    1.0397    1.1984
    0.8896    1.1984
    0.7519    1.1984
    0.8976    1.1984
    0.8318    1.1984
    0.6780   -0.6679
    0.8037   -0.6679
   -1.1374   -0.6679
   -0.0908   -0.6679
   -0.5986   -0.6679
   -0.4723   -0.6679
   -0.4037   -0.6679
   -0.3598    0.7239
   -0.4458    0.7239
    1.0608    0.7239
    0.1574    0.7239
    0.5398    0.7239
    0.4412    0.7239
    0.5120    0.7239
    0.5167   -0.8908
    0.4780   -0.8908
   -1.0273   -0.8908
   -0.1254   -0.8908
   -0.6659   -0.8908
   -0.5191   -0.8908
   -0.4714   -0.8908
   -0.6583   -1.5921
   -0.4405   -1.5921
   -1.2209   -1.5921
   -0.7416   -1.5921
   -1.2298   -1.5921
   -1.0145   -1.5921
   -0.9920   -1.5921
   -0.8653   -1.5921
   -1.2268   -1.5921
   -1.0528    0.9708
   -0.9179    0.9708
    1.6139    0.9708
    0.1349    0.9708
    0.8126    0.9708
    0.3109    0.9708
    0.4687    0.4650
    0.5821    0.4650
    0.1976    0.4650
    0.3758    0.4650
    0.4839    0.4650
    0.3448    0.4650
    0.3553    0.4650
    0.3279    0.4650
    0.2071    0.9976
    0.2833    0.9976
    0.8178    0.9976
    0.3804    0.9976
    0.7323    0.9976
    0.6194    0.9976
    0.7324    0.9976
    0.4546    0.9976
    0.5314   -0.7978
    0.8228   -0.7978
   -1.1389   -0.7978
   -0.3206   -0.7978
   -0.7491   -0.7978
   -0.2719   -0.7978
   -0.5418   -0.7978
   -0.5861   -0.7978
   -0.5033   -0.7978
   -0.5390   -0.0406