   -0.0362   -1.1869
   -0.1268   -1.1869
   -0.2130   -1.1869
    0.2099   -1.1869
    0.1364   -1.1869
    0.2361   -1.1869
    0.2417   -1.1869
    0.0922   -1.1869
   -0.1032   -1.1869
   -0.4636   -1.1869
   -2.0031   -1.1869
   -0.6595   -1.1869
   -1.0648   -1.1869
    0.2968    0.1487
   -1.1996    0.1487
    0.2306    0.1487
   -0.2844    0.1487
    0.2687    0.1487
    0.0500    0.1487
   -0.1950    0.1487
    0.6015    0.1487
   -0.0744    0.1487
   -0.2414    0.1487
    0.0602    0.1487
    0.2160    0.1487
   -0.6572    0.1487
   -0.5031    0.1487
    0.7314    0.1487
    0.3365    0.1487
    0.6135    0.1487
   -0.3682   -1.8154
    0.0026   -1.8154
   -0.3893   -1.8154
   -0.8877   -1.8154
   -0.6239   -1.8154
   -1.4450   -1.8154
   -0.7660   -1.8154
   -0.8636   -1.8154
   -0.8297   -1.8154
   -1.0635   -1.8154
   -1.2295   -1.8154
   -1.5231   -1.8154
   -0.8196    0.7280
   -0.0863    0.7280
   -0.4562    0.7280
   -0.5533    0.7280
    0.1060    0.7280
    0.3093    0.7280
    0.6671    0.7280
    1.2017    0.7280
   -0.1933    0.7280
    0.5847    0.7280
    0.5675    0.7280
    0.7199    0.7280
    0.1188    0.7280
    0.3245    0.7280
    0.5883    0.7280
    0.3940    0.7280
    0.4145    1.8094
    0.4035    1.8094
    1.2798    1.8094
    1.4208    1.8094
    0.8884    1.8094
    1.1385    1.8094
    1.9610    1.8094
    0.5849    1.8094
    1.0528    1.8094
    0.5961    1.8094
    0.6510    1.8094
    1.2579    0.7902
    1.2854    0.7902
    0.8527    0.7902
    0.2817    0.7902
    0.2614    0.7902
    0.2973    0.7902
    0.7399    0.7902
    0.8704    0.7902
   -0.2921    0.7902
    0.4784    0.7902
    0.2215    0.7902
    0.7993    0.7902
    1.0918    0.7902
    0.4344    0.7902
    0.2131    1.7416
    0.7851    1.7416
    0.1251    1.7416
    1.3724    1.7416
    1.4722    1.7416
    0.9302    1.7416
    0.7586    1.7416
    0.7158    1.7416
    1.1741    1.7416
    1.7200    1.7416
    1.2052    1.7416
    0.7910    1.7416
    0.6080    0.9912
    0.5381    0.9912
    0.9645    0.9912
    0.6017    0.9912
    1.2262    0.9912
    0.3948    0.9912
    0.4948    0.9912
    0.2366    0.9912
    0.8456    0.9912
    0.7668    0.9912
    0.0094    0.9912
    0.2919    0.9912
    1.0780    0.9912
   -0.0645    0.9912
    0.3712    0.9912
    0.3539    0.9912
    1.0382    0.9912
    0.1191    0.9912
    0.8379   -0.9116
   -0.2303   -0.9116
   -0.0795   -0.9116
   -1.8150   -0.9116
    0.0510   -0.9116
   -1.0650   -0.9116
   -0.9883   -0.9116
   -0.5019   -0.9116
   -0.9126   -0.9116
   -0.8583   -0.9116
   -0.4132   -0.9116
   -0.5498   -0.9116
   -1.3201   -0.9116
   -0.0043   -0.9116
   -0.4300   -0.9116
   -1.0406    1.3319
   -1.1291    1.3319
   -0.0295    1.3319
    1.6496    1.3319
    0.7946    1.3319
    1.3132    1.3319
    1.3277    1.3319
    0.7068    1.3319
    0.6676    1.3319
    0.9168    1.3319
    1.2778    1.3319
    1.1908    1.3319
    1.1943    1.3319
    0.5926    1.3319
    0.2319   -0.4573
    0.7757   -0.4573
   -0.4022   -0.4573
   -0.6709   -0.4573
    0.0633   -0.4573
   -0.4332   -0.4573
    0.5352   -0.4573
   -0.3687   -0.4573
    0.3134   -0.4573
   -0.5461   -0.4573
   -0.5061   -0.4573
    0.1503   -0.4573
   -0.4097   -0.4573
   -0.9805    1.9404
    1.3162    1.9404
    1.1265    1.9404
    1.7188    1.9404
    1.0922    1.9404
    0.7657    1.9404
    1.1114    1.9404
    1.4230    1.9404
    0.7715    1.9404
    1.4967    1.9404
    0.4541    1.9404
    1.2624    1.9404
    1.2918    1.9404
    2.0660    1.9404
    1.3207    1.9404
    1.0955    1.9404
    0.5073    1.9404
    1.2752    1.9404
    1.1859    1.9404
    1.2301    1.9404
    0.8051    1.9404
    1.5130   -1.9688
    0.9033   -1.9688
    0.2466   -1.9688
   -0.6927   -1.9688
   -1.6457   -1.9688
   -1.6845   -1.9688
   -1.5563   -1.9688
   -1.2739   -1.9688
   -1.2364   -1.9688
   -1.7002   -1.9688
   -1.3616   -1.9688
   -1.5722   -1.9688
   -1.2914   -1.9688
   -1.0742   -1.9688
   -1.0469   -1.9688
   -1.3555    0.4658
   -1.1950    0.4658
   -0.2753    0.4658
    1.1559    0.4658
   -0.1253    0.4658
    0.9317    0.4658
    0.1033    0.4658
    0.5634    0.4658
    0.6995    0.4658
    0.4984    0.4658
   -0.1255    0.4658
   -0.0983    0.4658
    0.2049    1.2451
    0.9665    1.2451
    0.1161    1.2451
    0.6057    1.2451
    1.0831    1.2451
    0.8941    1.2451
    0.5923    1.2451
    1.2363    1.2451
    0.7775    1.2451
    0.5067    1.2451
    1.9361    1.2451
    0.9778    1.2451
    1.2598    1.2451
    0.3523    1.2451
    0.6433    0.7724
    0.4524    0.7724
    0.9578    0.7724
    0.2093    0.7724
    0.1572    0.7724
    0.0475    0.7724
    0.4030    0.7724
   -0.1615    0.7724
    0.5141    0.7724
    0.8830    0.7724
    0.7196    0.7724
    0.4692    0.7724
    0.1557    0.7724
    0.6526    0.7199
    0.5276    0.7199
    0.7213    0.7199
    0.6379    0.7199
    0.2920    0.7199
    0.8349    0.7199
    0.2070    0.7199
    0.6572    0.7199
    0.3087    0.7199
    0.8680    0.7199
   -0.2062    0.7199
    0.3239    0.7199
    0.9202    0.7199
    0.4260    0.7199
    0.0605    0.7199
   -0.0750    0.7199
    0.1782    0.7199
    0.9133    0.7199
    0.9785    1.5335
    0.7620    1.5335
    0.9075    1.5335
    1.0862    1.5335
    0.6818    1.5335
    1.4848    1.5335
    0.6746    1.5335
    0.9175    1.5335
    0.7591    1.5335
    0.9690    1.5335
    1.3932    1.5335
    0.9068    1.5335
    0.2633    1.5335
    0.8031    1.5335
    1.7057    1.5335
    1.9689    1.5335
    0.1216    1.5335
    0.9946    1.5335
    1.0375   -1.8855
    1.0283   -1.8855
    0.1982   -1.8855
   -2.1502   -1.8855
   -1.1459   -1.8855
   -2.2388   -1.8855
   -0.9461   -1.8855
   -0.9056   -1.8855
    0.0086   -1.8855
   -1.1078   -1.8855
   -1.0442   -1.8855
   -1.1607   -0.3160
   -0.9469   -0.3160
   -0.9126   -0.3160
    0.0209   -0.3160
    0.0655   -0.3160
    0.5022   -0.3160
   -0.5913   -0.3160
   -0.6562   -0.3160
   -0.7193   -0.3160
   -0.1345   -0.3160
    0.3994   -0.3160
   -0.0662    1.8024
   -0.2089    1.8024
    0.6271    1.8024
    0.8482    1.8024
    1.1310    1.8024
    1.3148    1.8024
    1.0983    1.8024
    0.5856    1.8024
    0.5102    1.8024
    1.1759    1.8024
    1.8357    1.8024
    0.6626    1.8024
    1.9944    1.8024
    1.1229    1.8024
    0.5203    1.8024
    0.2498    1.8024
    1.3553    1.8024
    0.1258    1.8024
    1.2094    1.8024
    1.1574   -1.6063
    0.7112   -1.6063
    0.1232   -1.6063
   -1.6983   -1.6063
   -1.2562   -1.6063
   -1.8846   -1.6063
   -0.2676   -1.6063
   -1.0675   -1.6063
   -0.5133   -1.6063
   -0.8428   -1.6063
   -0.3731   -1.6063
   -0.9846   -1.6063
   -1.2721   -1.6063
   -1.4726   -1.6063
   -0.5629   -1.6063
   -0.2196    1.5448
   -1.0619    1.5448
    0.0243    1.5448
    1.6768    1.5448
    0.7210    1.5448
    1.3318    1.5448
    0.9890    1.5448
    0.2764    1.5448
    0.6558    1.5448
    1.0512    1.5448
    1.0384    1.5448
    0.9607    1.5448
    1.0454    1.5448
    0.7943    1.5448
    1.3307    1.5448
    0.4659    1.5448
    1.3703    1.5448
    1.0552    1.5448
    0.8705    1.5448
    1.1064    1.5448
    0.8128    1.5448
    1.5946   -0.0541
    0.2575   -0.0541
    0.0506   -0.0541
    0.0622   -0.0541
   -0.1462   -0.0541
    0.4084   -0.0541
    0.1899   -0.0541
   -0.2748   -0.0541
   -0.4073   -0.0541
   -0.8525   -0.0541
   -0.2388   -0.0541
   -0.2888   -0.0541
   -0.2649   -0.0541
    0.1289   -0.0541
   -1.0716   -0.0541
   -0.4708   -0.0541
    0.1934    1.6480
    0.9340    1.6480
    0.1632    1.6480
    1.0913    1.6480
    0.9246    1.6480
    1.9980    1.6480
    1.6253    1.6480
    0.4938    1.6480
    0.4858    1.6480
    0.8806    1.6480
    0.3603    1.6480
    1.0361    1.6480
    2.3533    1.6480
    0.7168    1.6480
    0.1702    1.6480
    0.0412    1.6480
    1.2333    1.6480
    1.9932    1.6480
    1.5349    0.9910
    0.8385    0.9910
    0.4196    0.9910
   -0.2009    0.9910
    0.1183    0.9910
    0.8645    0.9910
    0.9866    0.9910
   -0.0404    0.9910
    0.6417    0.9910
    0.6653    0.9910
    0.4836    0.9910
    0.9409    0.9910
    1.1709    0.9910
    1.1201    0.9910
    0.6910    0.9910
    0.4078    0.9910
    0.4249    0.9470
    0.6153    0.9470
    0.5997    0.9470
    1.0967    0.9470
   -0.1055    0.9470
   -0.2642    0.9470
    0.1319    0.9470
    0.7992    0.9470
    0.3290    0.9470
    0.3737    0.9470
    0.1762    0.9470
    0.5568    0.9470
    0.9543    0.9470
    0.8700   -1.4623
    0.0160   -1.4623
    0.4791   -1.4623
   -0.9199   -1.4623
   -1.4970   -1.4623
   -2.6535   -1.4623
   -0.8459   -1.4623
   -0.6097   -1.4623
   -0.3965   -1.4623
   -1.6740   -1.4623
   -0.4488   -1.4623
   -1.5451   -1.4623
   -0.8566   -1.4623
   -1.1352   -1.4623
   -1.1533   -1.4623
   -0.2481   -1.4623
   -0.6223    0.4408
   -0.3374    0.4408
   -0.4924    0.4408
    0.4686    0.4408
   -0.0426    0.4408
    0.5724    0.4408
    1.1704    0.4408
    0.7417    0.4408
    0.0263    0.4408
    0.4697    0.4408
    0.1583    0.4408
    0.5170    0.4408
    0.4219    0.4408
    0.3060    0.4408
    0.6221    0.4408
    0.1475    0.4408
    0.3404   -0.7490
    0.2326   -0.7490
    0.3322   -0.7490
   -0.8636   -0.7490
   -0.0583   -0.7490
   -0.9131   -0.7490
    0.4725   -0.7490
   -0.8286   -0.7490
   -0.8579   -0.7490
   -0.1611   -0.7490
   -0.0207   -0.7490
   -0.9275   -0.7490
    0.2545   -0.7490
   -0.4670   -0.7490
    0.1638   -0.7490
   -0.5810    0.2436
    0.1039    0.2436
   -0.5008    0.2436
   -0.2013    0.2436
    0.4175    0.2436
    0.3501    0.2436
    0.3463    0.2436
   -0.7724    0.2436
   -0.7368    0.2436
    0.1696    0.2436
    0.2263    0.2436
   -0.3034    0.2436
   -0.1759    0.2436
    0.6227    0.2436
    0.0303    0.2436
    0.1655    0.2436
    0.0439   -1.2946
   -0.6121   -1.2946
   -0.8832   -1.2946
   -1.3847   -1.2946
   -0.7664   -1.2946
   -0.5950   -1.2946
   -0.5378   -1.2946
   -0.3798   -1.2946
   -0.2504   -1.2946
   -1.3886   -1.2946
   -0.9633   -1.2946
   -1.0260   -1.2946
   -0.4848   -1.2946
   -0.2912   -1.2946
   -1.5361   -1.2946
   -0.7910   -1.2946
   -0.2044   -1.2946
    0.0041   -1.2946
   -0.9760   -1.2946
   -0.1216   -1.2946
   -0.5767    1.1872
   -0.4519    1.1872
    0.3374    1.1872
    1.1114    1.1872
    0.1829    1.1872
    0.9549    1.1872
    0.9844    1.1872
    0.5578    1.1872
    0.5294    1.1872
    1.0917    1.1872
    0.3945    1.1872
    0.1808    1.1872
    0.8285    1.1872
    1.2343    1.1872
    0.8009    1.1872
    0.3326   -1.1712
    0.4824   -1.1712
    0.1447   -1.1712
   -1.4926   -1.1712
   -0.3528   -1.1712
   -1.5665   -1.1712
   -1.1383   -1.1712
   -0.6543   -1.1712
   -1.2455   -1.1712
   -0.3093   -1.1712
   -0.9310   -1.1712
    0.2755   -1.1712
   -1.2673   -1.1712
   -0.7477   -1.1712
   -0.8628   -1.1712
   -0.5999   -1.1712
   -0.8942    1.4527
   -1.2313    1.4527
   -0.1141    1.4527
    0.5106    1.4527
    1.1798    1.4527
    1.4526    1.4527
    0.2618    1.4527
    1.6129    1.4527
    0.5786    1.4527
    0.5781    1.4527
    0.8134    1.4527
    0.7837    1.4527
    1.0606    1.4527
    1.3805    1.4527
    0.4185    1.4527
    0.9249    1.4527
    1.1999    1.4527
    1.2999    1.4527
    0.6894    1.4527
    1.0069   -0.3880
   -0.0060   -0.3880
    0.5621   -0.3880
   -0.4273   -0.3880
   -0.1201   -0.3880
   -1.5370   -0.3880
   -0.5820   -0.3880
   -0.0022   -0.3880
    0.1273   -0.3880
   -0.1338   -0.3880
   -0.6504   -0.3880
   -0.3753    1.8996
    0.6904    1.8996
    0.5037    1.8996
    1.4577    1.8996
    0.5933    1.8996
    0.8536    1.8996
    1.5339    1.8996
    0.5814    1.8996
    1.3196    1.8996
    1.5815    1.8996
    1.0045    1.8996
    0.5887    1.8996
    0.8795    0.6796
    1.0551    0.6796
    0.8815    0.6796
    0.6955    0.6796
   -0.1297    0.6796
    0.4686    0.6796
    1.0020    0.6796
    1.0998    0.6796
    0.5231    0.6796
   -0.0301    0.6796
    0.5897    0.6796
    0.6320    0.6796
   -0.2530    0.6796
    0.3268    0.6796
    0.6022    1.9522
    0.6823    1.9522
    1.0866    1.9522
    0.7855    1.9522
    0.8840    1.9522
    0.8859    1.9522
    0.7486    1.9522
    1.1715    1.9522
    1.1343    1.9522
    1.5727    1.9522
    1.3473    1.9522
    1.2566    1.9522
    1.3648    1.9522
    1.4888    1.9522
    0.7069    1.9522
    1.8852    1.9522
    2.3441    1.0466
    1.0987    1.0466
    0.5428    1.0466
    0.1880    1.0466
    0.6805    1.0466
    0.1607    1.0466
    1.2512    1.0466
    0.5160    1.0466
    0.9200    1.0466
    0.6404    1.0466
    1.1264    1.0466
    0.5881    1.0466
    0.4018    1.0466
    0.1615   -1.8407
    0.1707   -1.8407
    0.2465   -1.8407
   -1.2634   -1.8407
   -1.1346   -1.8407
   -0.6852   -1.8407
   -0.9672   -1.8407
   -0.7739   -1.8407
   -1.3428   -1.8407
   -0.4977   -1.8407
   -1.2822   -1.8407
   -1.3691   -1.8407
   -1.2101   -1.8407
   -0.7875   -1.8407
   -1.0420   -1.8407
   -1.8606   -1.8407
   -0.9883   -1.8407
   -1.0695   -1.8407
   -1.1842   -1.4752
   -0.8397   -1.4752
   -1.5720   -1.4752
   -1.2879   -1.4752
   -0.7397   -1.4752
   -0.1392   -1.4752
   -1.0121   -1.4752
   -1.4084   -1.4752
   -1.5045   -1.4752
   -1.0729   -1.4752
   -0.8561   -1.4752
   -0.6661    1.9297
   -0.8490    1.9297
    0.3872    1.9297
    1.5373    1.9297
    0.9481    1.9297
    1.8437    1.9297
    1.1351    1.9297
    1.2586    1.9297
    0.1045    1.9297
    0.9908    1.9297
    1.8922    1.9297
    1.4243    1.9297
    0.6614    1.9297
    1.0613    1.9297
    1.5944    1.9297
    1.1438    0.2441
    0.4029    0.2441
    0.6169    0.2441
   -0.1389    0.2441
    0.3232    0.2441
   -0.1257    0.2441
    0.8936    0.2441
    0.4929    0.2441
    0.1510    0.2441
   -0.3034    0.2441
   -0.6825    0.2441
   -0.4799    0.2441
    0.2435    0.2441
    0.2631    0.2441
    0.4147    0.2441
    0.6375    0.2441
   -0.3582    0.2441
    0.5405    0.2441
    0.1119    0.2441
    1.1422    0.2441
    0.5208   -0.3150
   -0.1569   -0.3150
   -0.4604   -0.3150
   -0.2742   -0.3150
   -0.0190   -0.3150
    0.3533   -0.3150
    0.4659   -0.3150
    0.4649   -0.3150
   -0.5181   -0.3150
   -0.0365   -0.3150
   -0.2228   -0.3150
   -0.0207   -0.3150
   -0.1962   -0.3150
   -0.2544   -0.3150
   -0.6264   -0.3150
   -0.3262   -0.3150
   -0.1879   -0.3150
   -0.3636   -0.3150
   -0.1994    1.0951
   -0.1760    1.0951
    0.9401    1.0951
    1.0686    1.0951
   -0.0109    1.0951
    0.8829    1.0951
   -0.0635    1.0951
    0.6267    1.0951
    0.6895    1.0951
    0.9136    1.0951
    0.2002    1.0951
    1.0181    1.0951
    0.7548   -1.1243
    0.3568   -1.1243
   -0.6069   -1.1243
   -0.9669   -1.1243
   -0.8246   -1.1243
   -0.3878   -1.1243
   -0.0823   -1.1243
   -0.7161   -1.1243
   -0.7527   -1.1243
   -1.3179   -1.1243
   -0.3158   -1.1243
   -0.5158   -1.1243
    0.3117   -1.1243
   -0.9504   -1.1243
   -1.5236   -1.1243
   -0.8949   -1.1243
   -0.0878   -1.1243
   -1.2579   -1.1243
   -0.0601   -1.0954
   -0.8492   -1.0954
   -0.8143   -1.0954
   -1.4168   -1.0954
   -0.5102   -1.0954
   -0.9205   -1.0954
   -0.2452   -1.0954
    0.7058   -1.0954
   -0.4782   -1.0954
   -0.8514   -1.0954
   -0.7009   -1.0954
   -0.5810   -1.0954
   -0.6017   -1.0954
   -0.6482   -1.0954
   -0.4145   -1.0954
   -1.5171   -1.6336
   -1.0997   -1.6336
   -1.1847   -1.6336
   -0.5699   -1.6336
   -1.1389   -1.6336
   -1.5673   -1.6336
   -0.3927   -1.6336
   -1.4713   -1.6336
   -0.6305   -1.6336
   -0.4778   -1.6336
   -1.4898   -1.6336
   -1.0045   -1.6336
   -0.8440   -1.6336
   -0.5741   -1.6336
   -0.8626   -1.6336
   -0.4861   -1.6336
   -0.7940   -1.6336
   -1.0104   -1.6336
   -0.8483   -1.6336
   -0.6205   -1.6336
   -1.2557   -1.6336
   -1.6136   -1.2790
   -0.9274   -1.2790
   -1.1814   -1.2790
   -0.6770   -1.2790
   -0.5130   -1.2790
   -0.5135   -1.2790
   -0.8502   -1.2790
   -0.2982   -1.2790
   -1.0023   -1.2790
   -1.0641   -1.2790
   -0.3963   -1.2790
   -1.0740   -1.2790
   -0.8241   -1.2790
   -0.8187   -1.2790
   -0.6092    0.3174
   -0.4730    0.3174
   -0.5117    0.3174
    0.4694    0.3174
   -0.0187    0.3174
    0.1104    0.3174
    0.1694    0.3174
    0.6471    0.3174
   -0.0461    0.3174
    0.9776    0.3174
   -0.0185    0.3174
   -0.3256    0.3174
    0.0782    0.3174
    0.4336    0.3174
   -0.5604    0.3174
   -0.0673    0.3174
    0.9071    0.3174
    0.1766   -1.4754
   -0.4850   -1.4754
   -0.2038   -1.4754
   -0.8526   -1.4754
   -0.4666   -1.4754
   -1.1115   -1.4754
   -1.0029   -1.4754
   -1.2907   -1.4754
   -1.4174   -1.4754
   -1.3152   -1.4754
   -0.3039   -1.4754
   -0.6096   -1.4754
   -0.9079   -1.4754
   -0.8679   -1.0708
   -1.2951   -1.0708
   -0.5327   -1.0708
   -0.4640   -1.0708
   -0.5665   -1.0708
   -1.4359   -1.0708
   -0.1016   -1.0708
   -0.7148   -1.0708
   -1.2741   -1.0708
   -0.6241   -1.0708
   -0.8136   -1.0708
   -0.9093   -1.0708
   -1.1271   -1.0708
   -0.0752   -1.0708
   -0.2153   -1.0708
   -0.2584   -1.0708
   -0.8447   -1.0708
   -0.5800   -1.0708
   -0.7874   -1.8352
   -0.4079   -1.8352
   -0.5126   -1.8352
   -1.0084   -1.8352
   -1.2830   -1.8352
   -1.3742   -1.8352
   -2.2226   -1.8352
   -1.5642   -1.8352
   -1.3207   -1.8352
   -0.6258   -1.8352
   -0.8424   -1.8352
   -1.5659   -0.4176
   -1.7623   -0.4176
   -0.6116   -0.4176
    0.2908   -0.4176
    0.5241   -0.4176
   -1.1835   -0.4176
   -0.9295   -0.4176
    0.2950   -0.4176
    0.6844   -0.4176
    0.0535   -0.4176
   -0.5817   -0.4176
    0.0692   -0.4176
   -0.3985   -0.4176
   -0.6656   -0.4176
   -0.6289   -0.4176
    0.5991   -0.4176
   -0.5269   -0.4176
   -0.1343   -0.4176
   -0.8315   -0.4176
   -0.1743   -0.4176
   -0.1618   -0.4176
   -0.2454   -1.9927
   -0.9123   -1.9927
   -0.3375   -1.9927
   -1.5029   -1.9927
   -1.8121   -1.9927
   -1.3253   -1.9927
   -1.3352   -1.9927
   -1.1959   -1.9927
   -1.0811   -1.9927
   -0.8452   -1.9927
   -0.7541   -1.9927
   -0.5487   -1.9927
   -1.8634   -1.9927
   -1.5601   -1.9927
   -1.8227   -1.9927
   -1.1428   -1.9927
   -1.3037   -1.9927
   -1.6206   -1.1013
   -0.9514   -1.1013
   -0.8771   -1.1013
   -0.7937   -1.1013
   -0.9840   -1.1013
   -0.6135   -1.1013
   -1.1870   -1.1013
   -0.6783   -1.1013
   -0.5636   -1.1013
   -1.0443   -1.1013
   -0.1378   -1.1013
   -0.7854   -0.5682
   -0.1660   -0.5682
   -0.2320   -0.5682
   -0.4597   -0.5682
   -0.8435   -0.5682
    0.1987   -0.5682
   -0.1198   -0.5682
   -0.8401   -0.5682
   -0.6825   -0.5682
   -1.3435   -0.5682
   -0.5138   -0.5682
   -0.5333   -0.5682
    0.7418   -0.5682
   -0.6163   -0.5682
   -0.0899   -0.5682
   -0.2054   -0.5682
   -0.5899   -0.5682
   -0.5901   -0.5682
   -0.3641   -0.5682
    0.0263   -0.5682
   -0.2502   -0.5682
   -0.9022    0.6273
    0.1493    0.6273
    0.4449    0.6273
    0.1543    0.6273
   -0.1730    0.6273
    0.9334    0.6273
    0.3514    0.6273
   -0.0391    0.6273
    0.2466    0.6273
    0.9304    0.6273
    0.4362    0.6273
    0.5193    0.6273
    0.4269   -1.3992
   -0.6007   -1.3992
   -0.4273   -1.3992
   -0.7210   -1.3992
   -0.4911   -1.3992
   -0.8125   -1.3992
   -1.4873   -1.3992
   -1.0380   -1.3992
   -0.9756   -1.3992
   -0.6957   -1.3992
   -1.2917   -1.3992
   -1.3994   -1.3992
   -0.2530   -1.3992
   -0.7913   -1.3992
   -0.4545   -1.3992
   -0.0229   -1.3992
   -1.1828   -1.3992
   -1.0477   -1.3992
   -0.1482   -1.3992
   -1.5674    0.0395
   -0.3546    0.0395
   -0.5986    0.0395
    0.5939    0.0395
   -0.2077    0.0395
    0.3350    0.0395
   -0.2865    0.0395
    0.1692    0.0395
   -0.0679    0.0395
    0.0770    0.0395
    0.9793    0.0395
    0.5510    0.0395
   -0.1660    0.0395
    0.0065    0.0395
   -0.2473    0.0395
    0.0004    0.0395
   -0.1350    0.0395
    0.2845    0.0395
    0.2335    0.0395
   -0.0089    0.0395
   -0.1126   -0.0896
   -0.0889   -0.0896
   -0.0135   -0.0896
    0.6482   -0.0896
    0.9963   -0.0896
   -0.5524   -0.0896
   -0.0913   -0.0896
    0.7112   -0.0896
   -0.3705   -0.0896
    0.3439   -0.0896
    0.0936   -0.0896
   -0.0293   -0.0896
    0.3064   -0.0896
   -0.6698   -0.0896
   -0.3853   -0.0896
    0.1836   -0.0896
    0.1649   -0.0896
    0.3022   -0.0896
   -0.8840   -0.0896
   -0.6166    1.7767
   -0.2437    1.7767
    0.0270    1.7767
    1.5979    1.7767
    1.7453    1.7767
    0.5061    1.7767
    0.3790    1.7767
    1.0243    1.7767
    1.2283    1.7767
    1.7122    1.7767
    1.8247    1.7767
    0.7901    1.7767
    0.5922    1.7767
    0.9316    1.7767
    1.4219    1.7767
    1.1036    1.7767
    1.0560    0.8510
    0.4960    0.8510
    0.3946    0.8510
    0.2739    0.8510
    0.7696    0.8510
    0.5489    0.8510
    0.1552    0.8510
    0.8033    0.8510
    0.0419    0.8510
    0.5506    0.8510
   -0.1080    0.8510
    0.5738    0.8510
    1.4724   -1.0090
   -0.1982    1.0918
    0.2263    1.0918
    0.0021    1.0918
    0.8228    1.0918
    0.2074    1.0918