
         0    0.1227
         0    0.1227
         0    0.1227
         0    0.1227
         0    0.1227
         0    0.1227
         0    0.1227
         0    0.1227
         0    0.1227
         0    0.1227
    0.0892    0.1227
    0.4640    0.1227
    0.3356    0.1227
    0.1003    0.1227
    0.2561    0.1227
    0.2167    0.1227
    0.1986    0.1227
    0.1303    0.1227
    0.1790    0.1227
    0.3580    0.1227
    0.1879    0.1227
    0.2183   -0.4899
   -0.8415   -0.4899
   -1.4883   -0.4899
   -1.1733   -0.4899
   -0.8594   -0.4899
   -0.7993   -0.4899
   -1.1000   -0.4899
   -1.2561   -0.4899
   -0.9835   -0.4899
   -0.7472   -0.4899
   -0.8223   -0.4899
   -1.2832   -0.4899
   -1.3297   -0.4899
   -0.9137   -0.4899
   -0.7415   -0.4899
   -0.9959   -0.4899
   -1.0884   -0.4899
   -1.1088   -0.4899
   -1.1606   -0.4899
   -1.0205   -0.8694
   -1.8349   -0.8694
   -2.2308   -0.8694
   -2.2200   -0.8694
   -1.8111   -0.8694
   -1.2937   -0.8694
   -1.8755   -0.8694
   -2.0150   -0.8694
   -1.5914   -0.8694
   -2.0388   -0.8694
   -2.3586   -0.8694
   -1.7403   -0.8694
   -1.4100   -0.8694
   -1.6028   -0.8694
   -2.0598   -0.8694
   -1.9517   -0.8694
   -1.4804    0.6852
    1.2789    0.6852
    2.3228    0.6852
    1.3348    0.6852
    0.9449    0.6852
    1.5213    0.6852
    1.8388    0.6852
    1.5378    0.6852
    1.3972    0.6852
    1.4161    0.6852
    1.2688    0.6852
    1.3707    0.6852
    1.6173    0.9756
    2.0751    0.9756
    2.1553    0.9756
    1.8607    0.9756
    1.7675    0.9756
    2.2177    0.9756
    2.1637    0.9756
    2.0855    0.9756
    2.2827    0.9756
    2.2661    0.9756
    1.8407    0.9756
    1.7396    0.9756
    2.1019    0.9756
    2.2026    0.9756
    2.4586    0.9756
    2.3097    0.9756
    1.9611    0.9756
    1.8615    0.9756
    1.7513    0.9756
    2.2578    0.9756
    2.6507   -0.2625
   -0.4456   -0.2625
   -1.5809   -0.2625
   -0.6161   -0.2625
   -0.4942   -0.2625
   -0.5706   -0.2625
   -0.3373   -0.2625
   -0.4038   -0.2625
   -0.3968   -0.2625
   -0.3649   -0.2625
   -0.7776   -0.2625
   -0.8769   -0.2625
   -0.4728   -0.2625
   -0.5961   -0.2625
   -0.7359    0.9964
    1.9302    0.9964
    3.1896    0.9964
    2.3454    0.9964
    1.7914    0.9964
    1.8538    0.9964
    1.9029    0.9964
    2.0663    0.9964
    2.2411    0.9964
    2.4433    0.9964
    2.1713    0.9964
    2.0294    0.9964
    2.1571    0.9964
    2.1334    0.9964
    2.0386    0.9735
    1.8752    0.9735
    2.0630    0.9735
    2.2981    0.9735
    2.2336    0.9735
    2.1322    0.9735
    2.1954    0.9735
    2.0833    0.9735
    1.9062    0.9735
    2.0665    0.9735
    2.1480    0.9735
    2.0971    0.9735
    1.8692   -0.5694
   -1.2485   -0.5694
   -2.1937   -0.5694
   -1.2670   -0.5694
   -1.2735   -0.5694
   -1.3573   -0.5694
   -1.0985   -0.5694
   -1.0408   -0.5694
   -1.4330   -0.5694
   -1.4981   -0.5694
   -1.1472   -0.5694
   -1.3161   -0.5694
   -1.3016   -0.4469
   -0.6164   -0.4469
   -0.6866   -0.4469
   -0.9833   -0.4469
   -0.7085   -0.4469
   -0.9077   -0.4469
   -0.8459   -0.4469
   -0.8693   -0.4469
   -1.1656   -0.4469
   -1.1135   -0.4469
   -1.1379   -0.4469
   -0.9585   -0.4469
   -0.8138   -0.4469
   -0.6636   -0.4469
   -0.9356   -0.4469
   -0.9409   -0.4469
   -0.8594   -0.4469
   -1.1837   -0.4469
   -0.9227   -0.1980
   -0.0679   -0.1980
   -0.1087   -0.1980
   -0.7766   -0.1980
   -0.6255   -0.1980
   -0.0071   -0.1980
   -0.1816   -0.1980
   -0.4056   -0.1980
   -0.3499   -0.1980
   -0.6633   -0.1980
   -0.4695   -0.1980
   -0.2255   -0.1980
   -0.7052   -0.1980
   -0.4348   -0.1980
   -0.0619   -0.7758
   -1.5778   -0.7758
   -2.0567   -0.7758
   -1.3479   -0.7758
   -1.2042   -0.7758
   -1.6990   -0.7758
   -1.9277   -0.7758
   -1.8764   -0.7758
   -1.5812   -0.7758
   -1.3237   -0.7758
   -1.4783   -0.7758
   -1.7764   -0.7758
   -1.9070   -0.7758
   -1.6814   -0.7758
   -1.4881   -0.7758
   -1.4965   -0.7758
   -1.3676   -0.7758
   -1.3749   -0.8523
   -2.0241   -0.8523
   -2.2740   -0.8523
   -1.7681   -0.8523
   -1.4806   -0.8523
   -1.9698   -0.8523
   -2.2962   -0.8523
   -2.0556   -0.8523
   -2.0339   -0.8523
   -1.9111   -0.8523
   -1.6989   -0.8523
   -1.8923   -0.8523
   -2.1653   -0.6250
   -1.4197   -0.6250
   -0.9749   -0.6250
   -1.5418   -0.6250
   -1.7800   -0.6250
   -1.6322   -0.6250
   -1.2015   -0.6250
   -0.9115   -0.6250
   -1.3187   -0.6250
   -1.4185   -0.6250
   -1.2678   -0.6250
   -1.3323   -0.6250
   -1.3552   -0.9432
   -1.8236   -0.9432
   -2.1772   -0.9432
   -2.2218   -0.9432
   -1.9519   -0.9432
   -1.9762   -0.9432
   -2.0966   -0.9432
   -1.8747   -0.9432
   -1.9097   -0.9432
   -2.0473   -0.9432
   -1.8456   -0.9432
   -1.7371   -0.9432
   -2.3342   -0.9432
   -2.3859   -0.9432
   -1.8188   -0.9432
   -2.0412   -0.9432
   -2.2653   -0.9432
   -2.2254   -0.0093
   -0.4271   -0.0093
    0.4858   -0.0093
   -0.1490   -0.0093
   -0.0923   -0.0093
    0.1437   -0.0093
   -0.3424   -0.0093
   -0.0529   -0.0093
   -0.0731   -0.0093
   -0.3743   -0.0093
   -0.0306   -0.0093
    0.2768   -0.0093
    0.2044   -0.0093
   -0.0640   -0.0093
   -0.0092   -0.0093
    0.1527   -0.0093
    0.1323   -0.1650
   -0.2081   -0.1650
   -0.3543   -0.1650
   -0.4677   -0.1650
   -0.6514   -0.1650
   -0.8852   -0.1650
   -0.5662   -0.1650
    0.0235   -0.1650
   -0.3238   -0.1650
   -0.6457   -0.1650
   -0.2011   -0.1650
   -0.1564   -0.1650
   -0.8081   -0.1650
   -0.8711   -0.1650
   -0.2417   -0.9495
   -1.9502   -0.9495
   -2.7105   -0.9495
   -1.9870   -0.9495
   -1.8072   -0.9495
   -2.2113   -0.9495
   -2.2944   -0.9495
   -1.9349   -0.9495
   -2.0190   -0.9495
   -2.0626   -0.9495
   -1.9851   -0.9495
   -2.1638   -0.9495
   -2.3305    0.0384
   -0.2166    0.0384
    0.6792    0.0384
    0.3005    0.0384
    0.2131    0.0384
    0.1758    0.0384
    0.0869    0.0384
    0.0536    0.0384
   -0.0041    0.0384
    0.1273    0.0384
    0.4802    0.0384
    0.2827    0.0384
    0.0242    0.0384
   -0.1129    0.0384
    0.0708    0.0384
    0.1444    0.0384
   -0.0285    0.0384
    0.1421    0.0384
    0.1948   -0.1723
   -0.2394   -0.1723
   -0.4920   -0.1723
   -0.3885   -0.1723
   -0.0913   -0.1723
   -0.4095   -0.1723
   -0.6214   -0.1723
   -0.3025   -0.1723
   -0.5149   -0.1723
   -0.6459   -0.1723
    0.4783   -0.1723
   -0.6842   -0.1723
   -0.2851   -0.1723
   -0.0374   -0.5104
   -0.5065   -0.5104
   -0.8810   -0.5104
   -0.5613   -0.5104
   -1.0149   -0.5104
   -0.6158   -0.5104
   -0.5255   -0.5104
   -0.8911   -0.5104
   -0.8716   -0.5104
   -0.8825   -0.5104
   -0.8100   -0.5104
   -0.8972   -0.5104
   -0.6854    0.6756
   -0.1050    0.6756
    2.5637    0.6756
    0.1526    0.6756
    1.2020    0.6756
    0.7716    0.6756
    1.3406    0.6756
    0.9403    0.6756
    1.2573    0.6756
    1.0978    0.6756
    0.9667    0.6756
    1.2598    0.6756
    0.9599    0.6756
    1.3692    0.6756
    1.0062    0.6756
    0.7499    0.6756
    1.0881    0.6756
    1.0387    0.6756
    1.1807    0.6756
    0.9417   -0.4239
    0.4627   -0.4239
   -2.2294   -0.4239
    0.2130   -0.4239
   -0.8953   -0.4239
   -0.4965   -0.4239
   -0.9416   -0.4239
   -0.6397   -0.4239
   -0.4906   -0.4239
   -0.9229   -0.4239
   -0.4494   -0.4239
   -0.5960   -0.4239
   -0.9419   -0.4239
   -0.7929   -0.4239
   -0.6761   -0.4239
   -1.1088   -0.4239
   -0.8049    0.4674
   -0.1214    0.4674
    2.0690    0.4674
    0.2465    0.4674
    0.7012    0.4674
    0.5959    0.4674
    0.6426    0.4674
    0.7495    0.4674
    0.7311    0.4674
    0.4287    0.4674
    1.0700    0.4674
    0.6141    0.4674
    0.5041    0.4674
    0.9283    0.4674
    0.8484    0.4674
    0.7907    0.4674
    0.6071    0.4674
    0.8219    0.4674
    0.5845    0.4674
    0.8389    0.9797
    0.8730    0.9797
    2.2370    0.9797
    1.0819    0.9797
    1.8391    0.9797
    1.8116    0.9797
    1.2798    0.9797
    1.6535    0.9797
    1.2814    0.9797
    1.5578    0.9797
    1.6750    0.9797
    1.1273    0.5558
    1.4729    0.5558
    0.3316    0.5558
    1.0446    0.5558
    0.5607    0.5558
    1.1071    0.5558
    1.1027    0.5558
    0.7083    0.5558
    1.0065    0.5558
    1.1178    0.5558
    0.8697    0.5558
    0.8720   -0.1697
    0.3126   -0.1697
   -1.3482   -0.1697
    0.6579   -0.1697
   -0.6828   -0.1697
   -0.1281   -0.1697
   -0.2302   -0.1697
   -0.3070   -0.1697
   -0.1282   -0.1697
   -0.4136   -0.1697
   -0.2366   -0.1697
   -0.2740   -0.1697
   -0.2700   -0.1697
    0.0994   -0.1697
   -0.4831   -0.1697
   -0.3001   -0.1697
   -0.1606   -0.1697
   -0.3494   -0.1697
   -0.0430   -0.1697
   -0.3860   -0.1697
   -0.0706   -0.1697
   -0.2582    0.2080
   -0.2348    0.2080
    1.0625    0.2080
   -0.0513    0.2080
    0.9059    0.2080
    0.4373    0.2080
    0.3194    0.2080
    0.2328    0.2080
    0.1574    0.2080
    0.3242    0.2080
    0.6907    0.2080
    0.0747    0.2080
    0.0423    0.2080
    0.8817    0.2080
   -0.1483   -0.6355
   -0.1676   -0.6355
   -1.9361   -0.6355
   -0.2595   -0.6355
   -1.2292   -0.6355
   -0.7635   -0.6355
   -0.9519   -0.6355
   -1.0227   -0.6355
   -0.9462   -0.6355
   -1.1507   -0.6355
   -1.1772   -0.6355
   -1.1519   -0.6355
   -0.9274   -0.3500
   -0.8106   -0.3500
   -0.1840   -0.3500
   -0.4794   -0.3500
   -0.2692   -0.3500
   -0.6229   -0.3500
   -0.6190   -0.3500
   -0.7644   -0.3500
   -0.3780   -0.3500
   -0.2316   -0.3500
   -0.8235   -0.3500
   -0.5169   -0.3500
   -0.3139   -0.3500
   -0.6353   -0.3500
   -0.4597   -0.3500
   -0.7229   -0.3500
   -0.3482   -0.9086
   -0.8756   -0.9086
   -2.6948   -0.9086
   -0.9345   -0.9086
   -1.4301   -0.9086
   -1.6082   -0.9086
   -1.3991   -0.9086
   -1.1018   -0.9086
   -1.7555   -0.9086
   -1.5141   -0.9086
   -1.1166   -0.9086
   -1.3021   -0.9086
   -1.6387   -0.9086
   -1.3151   -0.9086
   -1.5730   -0.9086
   -1.5001   -0.9086
   -1.3528   -0.8231
   -1.5454   -0.8231
   -1.1891   -0.8231
   -1.3299   -0.8231
   -1.2690   -0.8231
   -1.3573   -0.8231
   -1.4462   -0.8231
   -1.3083   -0.8231
   -1.2502   -0.8231
   -1.3126   -0.8231
   -1.2013   -0.8231
   -1.1988    0.6059
   -0.6345   -0.6018
    2.3508   -0.6018
   -4.1127   -0.6018
    0.7697   -0.6018
   -1.6417   -0.6018
   -0.9371   -0.6018
   -0.9393   -0.6018
   -0.8165   -0.6018
   -0.9095   -0.6018
   -1.0657   -0.6018
   -0.9187   -0.6018
   -0.7430   -0.6018
   -0.7872   -0.6018
   -1.3097   -0.6018
   -1.0687   -0.6018
   -0.7940   -0.6018
   -0.9850   -0.6018
   -0.7266   -0.6018