  -6.1313250e-01
   5.0884916e-01
  -3.0747857e-01
  -1.6274917e-01
  -6.8856034e-01
   6.3800117e-01
   2.4984706e-01
   4.7712084e-01
   6.1022484e-01
  -8.6555468e-01
   9.0158063e-01
  -4.8459780e-03
   5.1029181e-01
   4.8481014e-01
   6.6225915e-01
  -6.8699631e-01
  -8.5382559e-02
   2.3620099e-01
   8.6436671e-01
   6.7017647e-01
   7.9084703e-01
   1.6503705e-01
   1.6549361e-01
   7.0985188e-01
  -9.3026860e-01
   7.7084019e-01
  -1.8453838e-01
  -9.2723594e-01
   4.9229589e-01
  -6.9034246e-01
  -7.1218334e-01
   2.1191811e-01
  -4.9103831e-01
  -3.5169159e-01
  -1.9641816e-01
  -1.8725336e-01
  -2.2761772e-01
   2.1960365e-01
  -6.6621855e-01
  -6.2381585e-01
  -8.1074226e-01
  -3.5362745e-01
   5.3919386e-01
  -5.3176400e-01
   4.8073094e-01
   3.8563683e-01
   6.4815643e-01
   6.5595510e-01
  -4.1326413e-01
  -3.8126152e-01
   4.6059597e-02
  -3.4940202e-01
   6.6368502e-01
   6.2058958e-01
   1.1399652e-01
  -4.7407193e-01
   3.6113240e-01
  -5.3269371e-01
  -8.7149271e-02
  -2.3086621e-01
   7.7202877e-02
   9.8340744e-01
   5.1044080e-01
   9.6090970e-01
  -5.3043472e-01
   5.7118177e-02
  -8.9712789e-01
   5.1375094e-01
   2.0395953e-01
   7.1433742e-01
   9.7655428e-01
   8.5896894e-01
  -1.8097013e-01
  -9.9931708e-01
   8.1756646e-02
  -5.8453876e-01
  -5.6143282e-01
  -3.4838747e-01
  -8.0810117e-01
   4.9506732e-01
   4.9701791e-01
   8.6598866e-02
  -3.2373537e-01
   6.6466732e-01
   1.0514436e-01
   9.1508623e-01
   7.8566664e-01
  -2.8699277e-01
   9.2803786e-02
  -3.0663650e-01
   2.4560558e-01
   5.9324937e-01
   4.9174980e-01
  -7.4892754e-01
   6.4478801e-01
  -9.4969900e-01
  -1.7114224e-01
   4.6281494e-01
   5.6274800e-01
  -2.6542817e-01
