0.000000000000000000e+00
0.000000000000000000e+00
0.000000000000000000e+00
0.000000000000000000e+00
0.000000000000000000e+00
0.000000000000000000e+00
0.000000000000000000e+00
0.000000000000000000e+00
0.000000000000000000e+00
0.000000000000000000e+00
0.000000000000000000e+00
0.000000000000000000e+00
0.000000000000000000e+00
0.000000000000000000e+00
0.000000000000000000e+00
0.000000000000000000e+00
0.000000000000000000e+00
0.000000000000000000e+00
0.000000000000000000e+00
0.000000000000000000e+00
0.000000000000000000e+00
0.000000000000000000e+00
0.000000000000000000e+00
0.000000000000000000e+00
0.000000000000000000e+00
0.000000000000000000e+00
0.000000000000000000e+00
0.000000000000000000e+00
0.000000000000000000e+00
0.000000000000000000e+00
0.000000000000000000e+00
0.000000000000000000e+00
0.000000000000000000e+00
0.000000000000000000e+00
0.000000000000000000e+00
0.000000000000000000e+00
0.000000000000000000e+00
0.000000000000000000e+00
0.000000000000000000e+00
0.000000000000000000e+00
0.000000000000000000e+00
0.000000000000000000e+00
0.000000000000000000e+00
0.000000000000000000e+00
0.000000000000000000e+00
0.000000000000000000e+00
0.000000000000000000e+00
0.000000000000000000e+00
0.000000000000000000e+00
0.000000000000000000e+00
0.000000000000000000e+00
0.000000000000000000e+00
0.000000000000000000e+00
0.000000000000000000e+00
0.000000000000000000e+00
0.000000000000000000e+00
0.000000000000000000e+00
0.000000000000000000e+00
0.000000000000000000e+00
0.000000000000000000e+00
0.000000000000000000e+00
0.000000000000000000e+00
0.000000000000000000e+00
0.000000000000000000e+00
0.000000000000000000e+00
0.000000000000000000e+00
0.000000000000000000e+00
0.000000000000000000e+00
0.000000000000000000e+00
0.000000000000000000e+00
0.000000000000000000e+00
0.000000000000000000e+00
0.000000000000000000e+00
0.000000000000000000e+00
0.000000000000000000e+00
1.042437326285100135e-01
2.136531216204283767e-01
3.172263452653162896e-01
4.152747189472709155e-01
5.080929517236988380e-01
5.959600321475412299e-01
6.791400668375630056e-01
7.578830743172549900e-01
8.324257365084094529e-01
9.029921101381904736e-01
9.697943001980026123e-01
1.033033097478410323e+00
1.092898582096382354e+00
1.149570694828909501e+00
1.203219777970282456e+00
1.254007087338722570e+00
1.302085276971315597e+00
1.347598857964128483e+00
1.390684632836672208e+00
1.431472106726292992e+00
1.470083876648450305e+00
1.506635999992891106e+00
1.541238343363340091e+00
1.573994912809216107e+00
1.605004166441988067e+00
1.634359310375799623e+00
1.662148578881897931e+00
1.688455499598935372e+00
1.713359144596307004e+00
1.736934368045148336e+00
1.759252031211381739e+00
1.780379215447081442e+00
1.800379423820354319e+00
1.819312771989791466e+00
1.837236168897203870e+00
1.854203487821767471e+00
1.870265728309718156e+00
1.885471169466321317e+00
1.899865515070868538e+00
1.913492030950888045e+00
1.926391675028473749e+00
1.938603220429626850e+00
1.950163372026641362e+00
1.961106876763833995e+00
1.971466628098226925e+00
1.981273764869110110e+00
1.990557764893657211e+00
1.999346533569923423e+00
2.007666487753538842e+00
2.015542635160215923e+00
2.022998649532731008e+00
2.030056941798315862e+00
2.036738727430336571e+00
2.043064090216739181e+00
2.049052042626924752e+00
2.054720582958513120e+00
2.060086749435752207e+00
2.065166671422190348e+00
2.069990855441915301e+00
2.074542468105002868e+00
2.078851286577005464e+00
2.082930262095997520e+00
2.086791655049228034e+00
2.090447071824796055e+00
2.093907499697573282e+00
2.097183339854222783e+00
2.100284438656580210e+00
2.103220117237375675e+00
2.105999199517240239e+00
2.108630038727220768e+00
2.111120542516517595e+00
2.113478196720914415e+00
2.115710087863340583e+00
2.117822924454198841e+00
2.119823057155481028e+00
2.121716497869281959e+00
2.123508937808081587e+00
2.125205764601119540e+00
2.126812078488265811e+00
2.128332707650079314e+00
2.129772222720116570e+00
2.131134950523122296e+00
2.132424987080389300e+00
2.133646209921381320e+00
2.134802289738622960e+00
2.135896701420890498e+00
2.136932734497864139e+00
2.137913503027636164e+00
2.138841954956797853e+00
2.139720880981233364e+00
2.140552922934259250e+00
2.141340581727317893e+00
2.142086224867097766e+00
2.142792093571669110e+00
2.143460309507030370e+00
2.144092881164306963e+00
2.144691709896778153e+00
2.145258595634873977e+00
2.145795242296315575e+00
2.146303262907671261e+00
2.146784184452714239e+00
2.147239452462153864e+00
2.147670435358544516e+00
2.148078428569422105e+00
2.148464658421039175e+00
2.148830285824395059e+00
2.149176409764646856e+00
2.149504070604387529e+00
2.149814253210713844e+00
2.150107889915495729e+00
2.150385863317732849e+00
2.150649008936426743e+00
2.150898117721946168e+00
2.151133938433424042e+00
2.151357179889345606e+00
2.151568513098077062e+00
2.151768573274750906e+00
2.151957961750566195e+00
2.152137247780239626e+00
2.152306970253044849e+00
2.152467639312577674e+00
2.152619737890123286e+00
2.152763723156227105e+00
2.152900027894833812e+00
2.153029061804132560e+00
2.153151212728003916e+00
2.153266847821784680e+00
2.153376314655844226e+00
2.153479942260295932e+00
2.153578042113978519e+00
2.153670909080686702e+00
2.153758822295454234e+00
2.153842046003568989e+00
2.153920830354825622e+00
2.153995412155415679e+00
2.154066015579705340e+00
2.154132852844052426e+00
2.154196124844671267e+00
2.154256021761480344e+00
2.154312723629733917e+00
2.154366400881163379e+00
2.154417214856254592e+00
2.154465318289194631e+00
2.154510855766954780e+00
2.154553964163882895e+00
2.154594773053112089e+00
2.154633527504815405e+00
2.154670092290155825e+00
2.154704706620100829e+00
2.154737474536727593e+00
2.154768494532254941e+00
2.154797859845083874e+00
2.154825658740051608e+00
2.154851974773731360e+00
2.154876887045583445e+00
2.154900470435709536e+00
2.154922795829921967e+00
2.154943930332811064e+00
2.154963937469442925e+00
2.154982877376300898e+00
2.155000806982040107e+00
2.155017780178602127e+00
2.155033847983199635e+00
2.155049058691663078e+00
2.155063458023603218e+00
2.155077089259834988e+00
2.155089993372469426e+00
2.155102209148063608e+00
2.155113773304205171e+00
2.155124720599874255e+00
2.155135083939923035e+00
2.155144894473977502e+00
2.155154181690066117e+00
2.155162973503253809e+00
2.155171296339547293e+00
2.155179175215324427e+00
2.155186633812530062e+00
2.155193694549853767e+00
2.155200378650118598e+00
2.155206706204070066e+00
2.155212696230762504e+00
2.155218366734729329e+00
2.155223734760096654e+00
2.155228816441815187e+00
2.155233627054158330e+00
2.155238181056632119e+00
