0.000000000000000000e+00
0.000000000000000000e+00
0.000000000000000000e+00
0.000000000000000000e+00
0.000000000000000000e+00
0.000000000000000000e+00
0.000000000000000000e+00
0.000000000000000000e+00
0.000000000000000000e+00
0.000000000000000000e+00
0.000000000000000000e+00
0.000000000000000000e+00
0.000000000000000000e+00
0.000000000000000000e+00
0.000000000000000000e+00
0.000000000000000000e+00
0.000000000000000000e+00
0.000000000000000000e+00
0.000000000000000000e+00
0.000000000000000000e+00
0.000000000000000000e+00
0.000000000000000000e+00
0.000000000000000000e+00
0.000000000000000000e+00
0.000000000000000000e+00
0.000000000000000000e+00
0.000000000000000000e+00
0.000000000000000000e+00
0.000000000000000000e+00
0.000000000000000000e+00
0.000000000000000000e+00
0.000000000000000000e+00
0.000000000000000000e+00
0.000000000000000000e+00
0.000000000000000000e+00
0.000000000000000000e+00
0.000000000000000000e+00
0.000000000000000000e+00
0.000000000000000000e+00
0.000000000000000000e+00
0.000000000000000000e+00
0.000000000000000000e+00
0.000000000000000000e+00
0.000000000000000000e+00
0.000000000000000000e+00
0.000000000000000000e+00
0.000000000000000000e+00
0.000000000000000000e+00
0.000000000000000000e+00
0.000000000000000000e+00
0.000000000000000000e+00
0.000000000000000000e+00
0.000000000000000000e+00
0.000000000000000000e+00
0.000000000000000000e+00
0.000000000000000000e+00
0.000000000000000000e+00
0.000000000000000000e+00
0.000000000000000000e+00
0.000000000000000000e+00
0.000000000000000000e+00
0.000000000000000000e+00
0.000000000000000000e+00
0.000000000000000000e+00
0.000000000000000000e+00
0.000000000000000000e+00
0.000000000000000000e+00
0.000000000000000000e+00
0.000000000000000000e+00
0.000000000000000000e+00
0.000000000000000000e+00
0.000000000000000000e+00
0.000000000000000000e+00
0.000000000000000000e+00
0.000000000000000000e+00
1.604202473641102855e-01
3.239434846094523257e-01
4.740626084460992096e-01
6.118763633662696044e-01
7.383934290125080402e-01
8.545398028560093895e-01
9.611655777116651089e-01
1.059051163695503561e+00
1.148913000163942044e+00
1.231408799441412905e+00
1.307142360715992879e+00
1.376667989336660680e+00
1.440494553857685212e+00
1.499089210524271909e+00
1.552880822459520083e+00
1.602263098578263989e+00
1.647597475201953099e+00
1.689215761465562515e+00
1.727422567878659887e+00
1.762497535815634064e+00
1.794697384253058692e+00
1.824257788734573005e+00
1.851395106315706807e+00
1.876307959113773460e+00
1.899178688053086095e+00
1.920174687445660666e+00
1.939449630175415606e+00
1.957144592453168297e+00
1.973389086374685464e+00
1.988302007839229946e+00
2.001992506766567814e+00
2.014560785981680091e+00
2.026098834614341371e+00
2.036691101381424840e+00
2.046415112679787818e+00
2.055342040013655058e+00
2.063537220909584580e+00
2.071060637131671545e+00
2.077967353697119268e+00
2.084307921905400818e+00
2.090128749330836921e+00
2.095472439486626204e+00
2.100378103646381334e+00
2.104881647105433462e+00
2.109016031977100525e+00
2.112811518447362591e+00
2.116295886253723335e+00
2.119494638009296494e+00
2.122431185860273128e+00
2.125127022842949742e+00
2.127601880194499362e+00
2.129873871768870774e+00
2.131959626614814418e+00
2.133874410686397383e+00
2.135632238576822051e+00
2.137245976093345767e+00
2.138727434424062324e+00
2.140087456585769043e+00
2.141339891714936883e+00
2.142485768936804202e+00
2.143537717806388798e+00
2.144503437696009485e+00
2.145389996855084913e+00
2.146203884143715879e+00
2.146951056525630452e+00
2.147636982668100991e+00
2.148266682967941765e+00
2.148844766296551523e+00
2.149375463732936087e+00
2.149862659531615705e+00
2.150309919552067406e+00
2.150720517357788797e+00
2.151097458176001620e+00
2.151443500893365002e+00
2.151761178248679851e+00
2.152052815370387950e+00
2.152320546794536327e+00
2.152566332087769041e+00
2.152791970189690041e+00
2.152999112579573993e+00
2.153189275363791566e+00
2.153363850372419730e+00
2.153524115346257872e+00
2.153671243288803439e+00
2.153806311051641664e+00
2.153930307216085804e+00
2.154044139328750163e+00
2.154148640544024662e+00
2.154244575722052524e+00
2.154332647026860670e+00
2.154413499065602533e+00
2.154487723606535177e+00
2.154555863910259994e+00
2.154618418705930072e+00
2.154675845841521831e+00
2.154728565634896231e+00
2.154776963950166824e+00
2.154821395021896624e+00
2.154862184047796614e+00
2.154899629568894248e+00
2.154934005654602469e+00
2.154965563908672888e+00
2.154994535310723602e+00
2.155021131906812659e+00
2.155045548361435248e+00
2.155067963382302221e+00
2.155088541028330251e+00
2.155107431910411098e+00
2.155124774293758261e+00
2.155140695109889482e+00
2.155155310885656927e+00
2.155168728596126737e+00
2.155181046447543824e+00
2.155192354596118687e+00
2.155202735807896008e+00
2.155212266064528315e+00
2.155221015119401340e+00
2.155229047008165200e+00
2.155236420517424811e+00
2.155243189615005939e+00
2.155249403844953449e+00
2.155255108690153243e+00
2.155260345905226860e+00
2.155265153822141233e+00
2.155269567630764271e+00
2.155273619636427274e+00
2.155277339496369127e+00
2.155280754436806667e+00
2.155283889452203283e+00
2.155286767488208355e+00
2.155289409609602025e+00
2.155291835154469204e+00
2.155294061875737022e+00
2.155296106071115325e+00
2.155297982702377713e+00
2.155299705504871266e+00
2.155301287088046802e+00
2.155302739027750825e+00
2.155304071950947531e+00
2.155305295613503702e+00
2.155306418971589810e+00
2.155307450247232470e+00
2.155308396988494302e+00
2.155309266124716849e+00
2.155310064017238680e+00
2.155310796505956361e+00
2.155311471049818461e+00
2.155312088203097609e+00
2.155312654767893576e+00
2.155313174890979511e+00
2.155313652379214240e+00
2.155314090727407095e+00
2.155314493143893451e+00
2.155314862574020829e+00
2.155315201721704099e+00
2.155315513069215871e+00
2.155315798895355517e+00
2.155316061292128271e+00
2.155316302180054766e+00
2.155316523322230893e+00
2.155316726337228594e+00
2.155316912710946387e+00
2.155317083807480660e+00
2.155317240879113250e+00
2.155317385075475212e+00
2.155317517451960985e+00
2.155317638977453765e+00
2.155317750541418054e+00
2.155317852960406455e+00
2.155317946984039335e+00
2.155318033300489322e+00
2.155318112541519948e+00
2.155318185287108612e+00
2.155318252069690299e+00
2.155318313378057571e+00
2.155318369660935485e+00
2.155318421330266965e+00
2.155318468764226836e+00
2.155318512309992496e+00
2.155318552286281442e+00
2.155318588985685846e+00
2.155318622676814844e+00
2.155318653606258739e+00
2.155318682000394226e+00
2.155318708067043065e+00
2.155318731996990422e+00
