0.000000000000000000e+00
0.000000000000000000e+00
0.000000000000000000e+00
0.000000000000000000e+00
0.000000000000000000e+00
0.000000000000000000e+00
0.000000000000000000e+00
0.000000000000000000e+00
0.000000000000000000e+00
0.000000000000000000e+00
0.000000000000000000e+00
0.000000000000000000e+00
0.000000000000000000e+00
0.000000000000000000e+00
0.000000000000000000e+00
0.000000000000000000e+00
0.000000000000000000e+00
0.000000000000000000e+00
0.000000000000000000e+00
0.000000000000000000e+00
0.000000000000000000e+00
0.000000000000000000e+00
0.000000000000000000e+00
0.000000000000000000e+00
0.000000000000000000e+00
0.000000000000000000e+00
0.000000000000000000e+00
0.000000000000000000e+00
0.000000000000000000e+00
0.000000000000000000e+00
0.000000000000000000e+00
0.000000000000000000e+00
0.000000000000000000e+00
0.000000000000000000e+00
0.000000000000000000e+00
0.000000000000000000e+00
0.000000000000000000e+00
0.000000000000000000e+00
0.000000000000000000e+00
0.000000000000000000e+00
0.000000000000000000e+00
0.000000000000000000e+00
0.000000000000000000e+00
0.000000000000000000e+00
0.000000000000000000e+00
0.000000000000000000e+00
0.000000000000000000e+00
0.000000000000000000e+00
0.000000000000000000e+00
0.000000000000000000e+00
0.000000000000000000e+00
0.000000000000000000e+00
0.000000000000000000e+00
0.000000000000000000e+00
0.000000000000000000e+00
0.000000000000000000e+00
0.000000000000000000e+00
0.000000000000000000e+00
0.000000000000000000e+00
0.000000000000000000e+00
0.000000000000000000e+00
0.000000000000000000e+00
0.000000000000000000e+00
0.000000000000000000e+00
0.000000000000000000e+00
0.000000000000000000e+00
0.000000000000000000e+00
0.000000000000000000e+00
0.000000000000000000e+00
0.000000000000000000e+00
0.000000000000000000e+00
0.000000000000000000e+00
0.000000000000000000e+00
0.000000000000000000e+00
6.433303120408372100e-02
1.872956772832309325e-01
3.030273746346389685e-01
4.119533468621454086e-01
5.144738118448803910e-01
6.109654522254103215e-01
7.017827994242711309e-01
7.872595362660508300e-01
8.677097230031787234e-01
9.434289512420748203e-01
1.014695430011452570e+00
1.081771007963226339e+00
1.144902135461806525e+00
1.204320770096718229e+00
1.260245228945589657e+00
1.312880990718907182e+00
1.362421450733807493e+00
1.409048631490829040e+00
1.452933851464442316e+00
1.494238354564652704e+00
1.533113902582438071e+00
1.569703332795809425e+00
1.604141082785255135e+00
1.636553684386856000e+00
1.667060228597962546e+00
1.695772803143606344e+00
1.722796904311348909e+00
1.748231824567748394e+00
1.772171017380630209e+00
1.794702440587594428e+00
1.815908879572377010e+00
1.835868251436481691e+00
1.854653891283675193e+00
1.872334821669221272e+00
1.888976006203866076e+00
1.904638588244372599e+00
1.919380115547605792e+00
1.933254751713593400e+00
1.946313475194457965e+00
1.958604266600413313e+00
1.970172284991037026e+00
1.981060033799544762e+00
1.991307516999713645e+00
2.000952386089243529e+00
2.010030078429606348e+00
2.018573947450673423e+00
2.026615385198522024e+00
2.034183937676687925e+00
2.041307413404654714e+00
2.048011985592443462e+00
2.054322288306719813e+00
2.060261506981750035e+00
2.065851463607764504e+00
2.071112696909729767e+00
2.076064537811122879e+00
2.080725180459976009e+00
2.085111749078164323e+00
2.089240360879544678e+00
2.093126185288131769e+00
2.096795054253459689e+00
2.100236616911161924e+00
2.103475794829150924e+00
2.106524489456548466e+00
2.109393902365146456e+00
2.112094576406434054e+00
2.114636434448347035e+00
2.117028815834053113e+00
2.119280510696746944e+00
2.121399792256524641e+00
2.123394447218005521e+00
2.125271804380391760e+00
2.127038761565079206e+00
2.128701810959766849e+00
2.130267062972175829e+00
2.131740268681022954e+00
2.133126840966747206e+00
2.134431874399616014e+00
2.135660163958291946e+00
2.136816222647636820e+00
2.137904298080476995e+00
2.138928388084264665e+00
2.139892255389971965e+00
2.140799441457188035e+00
2.141653279486217532e+00
2.142456906664988558e+00
2.143213275695767361e+00
2.143925165644034347e+00
2.144595192149378882e+00
2.145225817035932181e+00
2.145819357357648283e+00
2.146377993911666948e+00
2.146903779251041922e+00
2.147398645226267888e+00
2.147864410083324405e+00
2.148302785144309279e+00
2.148715381095210208e+00
2.149103713903917967e+00
2.149469210390225538e+00
2.149813213468275030e+00
2.150136987080719653e+00
2.150441720842724891e+00
2.150728534412875259e+00
2.150998481607046653e+00
2.151252554270354445e+00
2.151491685921410824e+00
2.151716755182277563e+00
2.151928589006713466e+00
2.152127965718586111e+00
2.152315617871602971e+00
2.152492234940873495e+00
2.152658465856193359e+00
2.152814921386354108e+00
2.152962176383240056e+00
2.153100771893962317e+00
2.153231217148782850e+00
2.153353991432137793e+00
2.153469545843635036e+00
2.153578304955490186e+00
2.153680668372502272e+00
2.153777012200284613e+00
2.153867690427161197e+00
2.153953036224799167e+00
2.154033363172350501e+00
2.154108966408615267e+00
2.154180123716441297e+00
2.154247096543362439e+00
2.154310130962213687e+00
2.154369458575256413e+00
2.154425297365133662e+00
2.154477852495790380e+00
2.154527317066286418e+00
2.154573872820288560e+00
2.154617690813833253e+00
2.154658932043826081e+00
2.154697748039578364e+00
2.154734281419560471e+00
2.154768666415411982e+00
2.154801029365138731e+00
2.154831489177305937e+00
2.154860157767934936e+00
2.154887140471707152e+00
2.154912536428985614e+00
2.154936438950079580e+00
2.154958935858087177e+00
2.154980109811575506e+00
2.155000038608287038e+00
2.155018795470986070e+00
2.155036505090414778e+00
2.155053117502982563e+00
2.155068753005021431e+00
2.155083469044791755e+00
2.155097319692246494e+00
2.155110355837697167e+00
2.155122625378798062e+00
2.155134173396530350e+00
2.155145042320840698e+00
2.155155272086537011e+00
2.155164900280019502e+00
2.155173962277379562e+00
2.155182491374380227e+00
2.155190518908791653e+00
2.155198074375534123e+00
2.155205185535046919e+00
2.155211878515287616e+00
2.155218177907731736e+00
2.155224106857726252e+00
2.155229687149532669e+00
2.155234939286364781e+00
2.155239882565723963e+00
2.155244535150301122e+00
2.155248914134710869e+00
2.155253035608301726e+00
2.155256914714269278e+00
2.155260565705299669e+00
2.155264001995932599e+00
2.155267236211852566e+00
2.155270280236277536e+00
2.155273145253620459e+00
2.155275841790581737e+00
2.155278379754828944e+00
2.155280768471398378e+00
2.155283016716958322e+00
2.155285132752055688e+00
2.155287124351465966e+00
2.155288998832761926e+00
2.155290763083199224e+00
2.155292423585019268e+00
