0.000000000000000000e+00
0.000000000000000000e+00
0.000000000000000000e+00
0.000000000000000000e+00
0.000000000000000000e+00
0.000000000000000000e+00
0.000000000000000000e+00
0.000000000000000000e+00
0.000000000000000000e+00
0.000000000000000000e+00
0.000000000000000000e+00
0.000000000000000000e+00
0.000000000000000000e+00
0.000000000000000000e+00
0.000000000000000000e+00
0.000000000000000000e+00
0.000000000000000000e+00
0.000000000000000000e+00
0.000000000000000000e+00
0.000000000000000000e+00
0.000000000000000000e+00
0.000000000000000000e+00
0.000000000000000000e+00
0.000000000000000000e+00
0.000000000000000000e+00
0.000000000000000000e+00
0.000000000000000000e+00
0.000000000000000000e+00
0.000000000000000000e+00
0.000000000000000000e+00
0.000000000000000000e+00
0.000000000000000000e+00
0.000000000000000000e+00
0.000000000000000000e+00
0.000000000000000000e+00
0.000000000000000000e+00
0.000000000000000000e+00
0.000000000000000000e+00
0.000000000000000000e+00
0.000000000000000000e+00
0.000000000000000000e+00
0.000000000000000000e+00
0.000000000000000000e+00
0.000000000000000000e+00
0.000000000000000000e+00
0.000000000000000000e+00
0.000000000000000000e+00
0.000000000000000000e+00
0.000000000000000000e+00
0.000000000000000000e+00
0.000000000000000000e+00
0.000000000000000000e+00
0.000000000000000000e+00
0.000000000000000000e+00
0.000000000000000000e+00
0.000000000000000000e+00
0.000000000000000000e+00
0.000000000000000000e+00
0.000000000000000000e+00
0.000000000000000000e+00
0.000000000000000000e+00
0.000000000000000000e+00
0.000000000000000000e+00
0.000000000000000000e+00
0.000000000000000000e+00
0.000000000000000000e+00
0.000000000000000000e+00
0.000000000000000000e+00
0.000000000000000000e+00
0.000000000000000000e+00
0.000000000000000000e+00
5.666328448638517819e-03
9.799085347852981576e-02
1.863501714613480242e-01
2.709145824004894898e-01
3.518470721564037063e-01
4.293036265786303041e-01
5.034335321463124790e-01
5.743796636966287394e-01
6.422787597956950423e-01
7.072616862826819339e-01
7.694536884950810007e-01
8.289746326612638105e-01
8.859392369255646438e-01
9.404572924511703791e-01
9.926338750269516620e-01
1.042569547586085665e+00
1.090360554026789108e+00
1.136099004708727600e+00
1.179873053982615883e+00
1.221767070095179486e+00
1.261861797796934193e+00
1.300234513966194827e+00
1.336959176549255890e+00
1.372106567103800856e+00
1.405744427220273707e+00
1.437937589084152146e+00
1.468748100430751213e+00
1.498235344133395763e+00
1.526456152655457421e+00
1.553464917586830918e+00
1.579313694475981134e+00
1.604052303159598791e+00
1.627728423783242118e+00
1.650387688698027766e+00
1.672073770410489546e+00
1.692828465755117140e+00
1.712691776451800152e+00
1.731701986203450616e+00
1.749895734482386445e+00
1.767308087147697826e+00
1.783972604029697484e+00
1.799921403611714599e+00
1.815185224933897778e+00
1.829793486838338090e+00
1.843774344669697918e+00
1.857154744540628455e+00
1.869960475266565059e+00
1.882216218069997726e+00
1.893945594150010070e+00
1.905171210208780330e+00
1.915914702022778693e+00
1.926196776142645950e+00
1.936037249802121440e+00
1.945455089112940295e+00
1.954468445619309991e+00
1.963094691282431858e+00
1.971350451962477379e+00
1.979251639462570322e+00
1.986813482196519320e+00
1.994050554539417819e+00
2.000976804917676599e+00
2.007605582692628676e+00
2.013969876949917914e+00
2.020040620759694150e+00
2.025850634756588775e+00
2.031411116915256887e+00
2.036732784273269203e+00
2.041825893586673324e+00
2.046700261098433060e+00
2.051365281457836254e+00
2.055829945827345906e+00
2.060102859211783155e+00
2.064192257043250933e+00
2.068106021053755850e+00
2.071851694466122940e+00
2.075436496532486075e+00
2.078867336448366299e+00
2.082150826669163290e+00
2.085293295654722545e+00
2.088300800066537732e+00
2.091179136441106756e+00
2.093933852361927084e+00
2.096570257151676220e+00
2.099093432105172408e+00
2.101508240282848661e+00
2.103819335883608144e+00
2.106031173215130892e+00
2.108148015278916709e+00
2.110173941986612345e+00
2.112112858023464934e+00
2.113968500374039827e+00
2.115744445524732509e+00
2.117444116356933304e+00
2.119070788744145339e+00
2.120627597865762493e+00
2.122117544249683796e+00
2.123543499555401226e+00
2.124908212108717276e+00
2.126214312198747791e+00
2.127464317147433004e+00
2.128660636161316067e+00
2.129805574974945159e+00
2.130901340294848456e+00
2.131950044052647986e+00
2.132953707475505389e+00
2.133914264981750630e+00
2.134833567909196983e+00
2.135713388083332998e+00
2.136555421232260166e+00
2.137361290254971902e+00
2.138132548349256368e+00
2.138870682005266755e+00
2.139577113870516634e+00
2.140253205491834620e+00
2.140900259939547023e+00
2.141519524318963974e+00
2.142112192173996732e+00
2.142679405787541569e+00
2.143222258383069789e+00
2.143741796231659169e+00
2.144239020668532891e+00
2.144714890022990428e+00
2.145170321465450058e+00
2.145606192775165955e+00
2.146023344032021107e+00
2.146422579235662376e+00
2.146804667855095605e+00
2.147170346311726430e+00
2.147520319398708466e+00
2.147855261639333158e+00
2.148175818587074293e+00
2.148482608069802957e+00
2.148776221380560347e+00
2.149057224417195044e+00
2.149326158773045670e+00
2.149583542780788115e+00
2.149829872511446638e+00
2.150065622730501058e+00
2.150291247812928574e+00
2.150507182618947688e+00
2.150713843332148212e+00
2.150911628261627406e+00
2.151100918609673229e+00
2.151282079206477071e+00
2.151455459213293064e+00
2.151621392795395327e+00
2.151780199766135215e+00
2.151932186203335373e+00
2.152077645039211617e+00
2.152216856624956876e+00
2.152350513767462559e+00
2.152478006029400426e+00
2.152600022680005942e+00
2.152716798888999250e+00
2.152828559725894042e+00
2.152935520593789231e+00
2.153037887644526638e+00
2.153135858176020268e+00
2.153229621012519246e+00
2.153319356868538925e+00
2.153405238697163604e+00
2.153487432023389658e+00
2.153566095263148572e+00
2.153641380028633812e+00
2.153713431420510638e+00
2.153782388307576845e+00
2.153848383594413551e+00
2.153911544477538520e+00
2.153971992690559834e+00
2.154029844738801103e+00
2.154085212123846738e+00
2.154138201558446930e+00
2.154188915172193131e+00
2.154237450708352597e+00
2.154283901712260807e+00
2.154328357711613240e+00
2.154370904389018904e+00
2.154411623747138460e+00
2.154450594266738239e+00
2.154487891057944360e+00
2.154523586005011371e+00
2.154557747904866982e+00
2.154590442599708222e+00
2.154621733103903924e+00
2.154651679725445579e+00
2.154680340182182352e+00
2.154707769713062326e+00
2.154734021184600667e+00
2.154759145192771452e+00
2.154783190160522555e+00
