0.000000000000000000e+00
0.000000000000000000e+00
0.000000000000000000e+00
0.000000000000000000e+00
0.000000000000000000e+00
0.000000000000000000e+00
0.000000000000000000e+00
0.000000000000000000e+00
0.000000000000000000e+00
0.000000000000000000e+00
0.000000000000000000e+00
0.000000000000000000e+00
0.000000000000000000e+00
0.000000000000000000e+00
0.000000000000000000e+00
0.000000000000000000e+00
0.000000000000000000e+00
0.000000000000000000e+00
0.000000000000000000e+00
0.000000000000000000e+00
0.000000000000000000e+00
0.000000000000000000e+00
0.000000000000000000e+00
0.000000000000000000e+00
0.000000000000000000e+00
0.000000000000000000e+00
0.000000000000000000e+00
0.000000000000000000e+00
0.000000000000000000e+00
0.000000000000000000e+00
0.000000000000000000e+00
0.000000000000000000e+00
0.000000000000000000e+00
0.000000000000000000e+00
0.000000000000000000e+00
0.000000000000000000e+00
0.000000000000000000e+00
0.000000000000000000e+00
0.000000000000000000e+00
0.000000000000000000e+00
0.000000000000000000e+00
0.000000000000000000e+00
0.000000000000000000e+00
0.000000000000000000e+00
0.000000000000000000e+00
0.000000000000000000e+00
0.000000000000000000e+00
0.000000000000000000e+00
0.000000000000000000e+00
0.000000000000000000e+00
0.000000000000000000e+00
0.000000000000000000e+00
0.000000000000000000e+00
0.000000000000000000e+00
0.000000000000000000e+00
0.000000000000000000e+00
0.000000000000000000e+00
0.000000000000000000e+00
0.000000000000000000e+00
0.000000000000000000e+00
0.000000000000000000e+00
0.000000000000000000e+00
0.000000000000000000e+00
0.000000000000000000e+00
0.000000000000000000e+00
0.000000000000000000e+00
0.000000000000000000e+00
7.582092828015078723e-03
3.525810715345623764e-02
7.790827696194402296e-02
1.311653602172984101e-01
1.916942920498401204e-01
2.569569143418531376e-01
3.250299470228560916e-01
3.944641701706565473e-01
4.641755037896200253e-01
5.333607760068641568e-01
6.014325990609756811e-01
6.679690332038510370e-01
7.326746945940492139e-01
7.953507187584620830e-01
8.558715760363548863e-01
9.141671881455571969e-01
9.702091454666486037e-01
1.024000095928721432e+00
1.075565586382567940e+00
1.124947799907624946e+00
1.172200758334170478e+00
1.217386656667999834e+00
1.260573071503028109e+00
1.301830843869375531e+00
1.341232482138780657e+00
1.378850965574892173e+00
1.414758856179135993e+00
1.449027647428777099e+00
1.481727294714428877e+00
1.512925884829390721e+00
1.542689411570991487e+00
1.571081632025644215e+00
1.598163983920837028e+00
1.623995548922919641e+00
1.648633050236731901e+00
1.672130875552005902e+00
1.694541118460245244e+00
1.715913633072437827e+00
1.736296097809178596e+00
1.755734085293302327e+00
1.774271136014861971e+00
1.791948834008791236e+00
1.808806883225171136e+00
1.824883183610366499e+00
1.840213906177338377e+00
1.854833566542980483e+00
1.868775096563083382e+00
1.882069913812190354e+00
1.894747988744349243e+00
1.906837909438010348e+00
1.918366943878972997e+00
1.929361099773145627e+00
1.939845181908939509e+00
1.949842847109598765e+00
1.959376656830488894e+00
1.968468127466631579e+00
1.977137778442688010e+00
1.985405178161931739e+00
1.993288987893140796e+00
2.000807003675311613e+00
2.007976196319923634e+00
2.014812749589571794e+00
2.021332096630256814e+00
2.027548954732683040e+00
2.033477358495712650e+00
2.039130691462714751e+00
2.044538861472590785e+00
2.049678953232474843e+00
2.054580550275723283e+00
2.059254718366426040e+00
2.063712009865543262e+00
2.067962487543748118e+00
2.072015747291313659e+00
2.075880939775784917e+00
2.079566791095918354e+00
2.083081622478191175e+00
2.086433369060115783e+00
2.089629597802557637e+00
2.092677524571358916e+00
2.095584030426713706e+00
2.098355677156979127e+00
2.100998722091930837e+00
2.103519132228839350e+00
2.105922597703232757e+00
2.108214544634715359e+00
2.110400147376819913e+00
2.112484340198537147e+00
2.114471828423868605e+00
2.116367099054552448e+00
2.118174430899925298e+00
2.119897904236791142e+00
2.121541410021092311e+00
2.123108658672183235e+00
2.124603188449526670e+00
2.126028373440730590e+00
2.127387431178948241e+00
2.128683429906846669e+00
2.129919295503533316e+00
2.131097818090085472e+00
2.132221658328587566e+00
2.133293353428904027e+00
2.134315322876742194e+00
2.135289873895942048e+00
2.136219206657317127e+00
2.137105419245814097e+00
2.137950512397203351e+00
2.138756394014983186e+00
2.139524883477714745e+00
2.140257715746492817e+00
2.140956545281838874e+00
2.141622949778850593e+00
2.142258433729047340e+00
2.142864431816945192e+00
2.143442312159039354e+00
2.143993379392496568e+00
2.144518877620535502e+00
2.145019993221149335e+00
2.145497857525496599e+00
2.145953549372027869e+00
2.146388097542094808e+00
2.146802483082557167e+00
2.147197641520613320e+00
2.147574464975873010e+00
2.147933804174430694e+00
2.148276470369480773e+00
2.148603237172828528e+00
2.148914842301413497e+00
2.149211989242796328e+00
2.149495348843371900e+00
2.149765560822889388e+00
2.150023235218696094e+00
2.150268953762977997e+00
2.150503271196089639e+00
2.150726716518950532e+00
2.150939794187331611e+00
2.151142985250726447e+00
2.151336748438380742e+00
2.151521521194931452e+00
2.151697720667992808e+00
2.151865744649918977e+00
2.152025972475870130e+00
2.152178765880208733e+00
2.152324469813160057e+00
2.152463413219581234e+00
2.152595909781594763e+00
2.152722258626766028e+00
2.152842745003419545e+00
2.152957640924624272e+00
2.153067205782296600e+00
2.153171686932809248e+00
2.153271320255432109e+00
2.153366330684854280e+00
2.153456932719007622e+00
2.153543330903318065e+00
2.153625982316931253e+00
2.153704536757640842e+00
2.153779446345602810e+00
2.153850880198582729e+00
2.153918999587440375e+00
2.153983958300218049e+00
2.154045902989337513e+00
2.154104973502683151e+00
2.154161303199329858e+00
2.154215019250613761e+00
2.154266242927241670e+00
2.154315089873071631e+00
2.154361670366195192e+00
2.154406089567902693e+00
2.154448447760099583e+00
2.154488840571703534e+00
2.154527359194540193e+00
2.154564090589219383e+00
2.154599117681460729e+00
2.154632519549306124e+00
2.154664371601651585e+00
2.154694745748489737e+00
2.154723710563257288e+00
2.154751331437647188e+00
2.154777670729238981e+00
2.154802787902278638e+00
2.154826739661926283e+00
2.154849580082276450e+00
2.154871360728435103e+00
2.154892130772935399e+00
2.154911937106751996e+00
2.154930824445161264e+00
2.154948835428692533e+00
2.154966010719394198e+00
2.154982389092634065e+00
2.154998007524638215e+00
2.155012901275971338e+00
2.155027103971140168e+00
2.155040647674506094e+00
2.155053562962673919e+00
