0.000000000000000000e+00
0.000000000000000000e+00
0.000000000000000000e+00
0.000000000000000000e+00
0.000000000000000000e+00
0.000000000000000000e+00
0.000000000000000000e+00
0.000000000000000000e+00
0.000000000000000000e+00
0.000000000000000000e+00
0.000000000000000000e+00
0.000000000000000000e+00
0.000000000000000000e+00
0.000000000000000000e+00
-4.415144965418214693e-16
5.788196432866711261e-01
9.993229091937193553e-01
1.293074823937144791e+00
1.498281761460677375e+00
1.641633634569546807e+00
1.741775275840640180e+00
1.811731448013238044e+00
1.860600888966316591e+00
1.894739724538597514e+00
1.918588167890961760e+00
1.935248028744350757e+00
1.946886145310427585e+00
1.955020613299300214e+00
1.960698724292219808e+00
1.964665295093276365e+00
1.967436231402801328e+00
1.969371930629296497e+00
1.970724156403153016e+00
1.971668783811406422e+00
1.972328674310223073e+00
1.972789655504103568e+00
1.973111684176273473e+00
1.973336644471999080e+00
1.973493795493093117e+00
1.973603576836290951e+00
1.973680267036777014e+00
1.973733840683075114e+00
1.973771265745983605e+00
1.973797409856576701e+00
1.973815683297086787e+00
1.973828438725417467e+00
1.973837349313751099e+00
1.973843574003537604e+00
1.973847922399119215e+00
1.973850960067626392e+00
1.973853082098566025e+00
1.973854564490504782e+00
