0.000000000000000000e+00
0.000000000000000000e+00
0.000000000000000000e+00
0.000000000000000000e+00
0.000000000000000000e+00
0.000000000000000000e+00
0.000000000000000000e+00
0.000000000000000000e+00
0.000000000000000000e+00
0.000000000000000000e+00
0.000000000000000000e+00
0.000000000000000000e+00
0.000000000000000000e+00
0.000000000000000000e+00
0.000000000000000000e+00
0.000000000000000000e+00
0.000000000000000000e+00
0.000000000000000000e+00
0.000000000000000000e+00
0.000000000000000000e+00
0.000000000000000000e+00
0.000000000000000000e+00
0.000000000000000000e+00
0.000000000000000000e+00
0.000000000000000000e+00
0.000000000000000000e+00
0.000000000000000000e+00
0.000000000000000000e+00
0.000000000000000000e+00
0.000000000000000000e+00
0.000000000000000000e+00
0.000000000000000000e+00
0.000000000000000000e+00
0.000000000000000000e+00
0.000000000000000000e+00
0.000000000000000000e+00
0.000000000000000000e+00
0.000000000000000000e+00
0.000000000000000000e+00
1.796929230156966636e-02
5.180930450677837668e-02
8.377066429750183729e-02
1.140890900227039123e-01
1.427243667186845477e-01
1.698876825260325352e-01
1.955430074816796593e-01
2.198795522725389417e-01
2.428650364209162249e-01
2.646689802603971464e-01
2.852624626056284862e-01
3.047973625283900145e-01
3.232477685483693408e-01
3.407497543268004914e-01
3.572801048811797275e-01
3.729607332642047579e-01
3.877708403780948943e-01
4.018196523014565535e-01
4.150885344103599772e-01
4.276753460888796932e-01
4.395885312989999405e-01
4.508403475349164746e-01
4.615137781103348380e-01
4.715946655743691873e-01
4.811573575193830443e-01
4.901891698003313924e-01
4.987567129711127367e-01
5.068486228718352971e-01
5.145245781786957906e-01
5.217743973517018352e-01
5.286515485604476039e-01
5.351469098146051095e-01
5.413083850782354212e-01
5.471278016478375861e-01
5.526480783251992435e-01
5.578618929053941189e-01
5.628076978126215213e-01
5.674789328327520810e-01
5.719100488093600276e-01
5.760951682219646042e-01
5.800651567610309867e-01
5.838147485546952842e-01
5.873715972319857315e-01
5.907309849179789296e-01
5.939176874458703681e-01
5.969274779099608130e-01
5.997825538276142510e-01
6.024791281692719602e-01
6.050370884508542435e-01
6.074530417428998241e-01
6.097448059519339214e-01
6.119139185260690228e-01
6.139626112684977155e-01
6.159059935010370301e-01
6.177414874827894531e-01
6.194826301725622208e-01
6.211271120840151649e-01
6.226870614420928485e-01
6.241604090988986941e-01
6.255580211464698559e-01
6.268780437643516334e-01
6.281302122564896839e-01
6.293128657216582322e-01
6.304347263520301281e-01
6.314943060893224436e-01
6.324994194441787565e-01
6.334487332142276772e-01
6.343492486871485925e-01
6.351997714012836971e-01
6.360065740500115972e-01
6.367685864742308466e-01
6.374914285947366199e-01
6.381741416193441596e-01
6.388217606275379268e-01
6.394334266045673676e-01
6.400136506505602618e-01
6.405616631447859088e-01
6.410815057363231650e-01
6.415724888956053640e-01
6.420382336744412388e-01
6.424790525213925907e-01
6.428953989956345261e-01
6.432903436956693977e-01
6.436633627589815054e-01
6.440172072399159564e-01
6.443514077921063121e-01
6.446684291793455257e-01
6.449678508981516734e-01
6.452518812148083649e-01
6.455201433858468452e-01
6.457746158726485053e-01
6.460149611378389611e-01
6.462429517527188416e-01
6.464582853059958056e-01
6.466625499049966086e-01
6.468554746090888763e-01
6.470384822580086404e-01
6.472113301067656810e-01
6.473752929262017730e-01
6.475301532327678578e-01
6.476770531373134965e-01
6.478157977888796548e-01
6.479474104436858672e-01
6.480717165280859282e-01
6.481896328123664119e-01
6.483010028900193511e-01
6.484066481269379345e-01
6.485064283931759599e-01
6.486010795785630556e-01
6.486906651805942614e-01
6.487752773740305123e-01
6.488555401825886193e-01
6.489313471440810721e-01
6.490032573427243490e-01
6.490711753953988250e-01
6.491356022047991559e-01
6.491964523139222010e-01
6.492541744986446428e-01
6.493086921951107815e-01
6.493604074769963042e-01
6.494092517481212523e-01
6.494555852400595297e-01
6.494993464951448470e-01
6.495408582571797762e-01
6.495800654641364913e-01
6.496172572732394901e-01
6.496523843525324748e-01
6.496857057678745440e-01
6.497171773210770329e-01
6.497470311181142710e-01
6.497752275603152494e-01
6.498019745993707241e-01
6.498272367574752240e-01
6.498512003456692332e-01
6.498738335781724107e-01
6.498953033774256260e-01
6.499155812654596742e-01
6.499348167938054921e-01
6.499530228667689258e-01
6.499702182166061659e-01
6.499865296608086096e-01
6.500019355635516805e-01
6.500165495449687914e-01
6.500303522207837581e-01
6.500434453871649643e-01
6.500558116770756012e-01
