0.000000000000000000e+00
0.000000000000000000e+00
0.000000000000000000e+00
0.000000000000000000e+00
0.000000000000000000e+00
0.000000000000000000e+00
0.000000000000000000e+00
0.000000000000000000e+00
0.000000000000000000e+00
0.000000000000000000e+00
0.000000000000000000e+00
0.000000000000000000e+00
0.000000000000000000e+00
0.000000000000000000e+00
0.000000000000000000e+00
0.000000000000000000e+00
0.000000000000000000e+00
0.000000000000000000e+00
0.000000000000000000e+00
0.000000000000000000e+00
0.000000000000000000e+00
0.000000000000000000e+00
0.000000000000000000e+00
0.000000000000000000e+00
0.000000000000000000e+00
0.000000000000000000e+00
0.000000000000000000e+00
0.000000000000000000e+00
0.000000000000000000e+00
0.000000000000000000e+00
0.000000000000000000e+00
0.000000000000000000e+00
0.000000000000000000e+00
0.000000000000000000e+00
0.000000000000000000e+00
0.000000000000000000e+00
0.000000000000000000e+00
0.000000000000000000e+00
0.000000000000000000e+00
2.858161690787160841e-02
8.108174069807361217e-02
1.290486443224911350e-01
1.730646318494646341e-01
2.132799776280195625e-01
2.501828840995707348e-01
2.838993409455666250e-01
3.148386560117915067e-01
3.431064587681743050e-01
3.690459120062295484e-01
3.927455752396348809e-01
4.144931553928808410e-01
4.343629005661240328e-01
4.525960236077458676e-01
4.692547739604993606e-01
4.845413839423137192e-01
4.985080433481454132e-01
5.113243033055139275e-01
5.230339196229387699e-01
5.337790435902705077e-01
5.436167743734890978e-01
5.526050481201824072e-01
5.608529798237013031e-01
5.683887286288746843e-01
5.753037763044988040e-01
5.816217314152413165e-01
5.874192920734792045e-01
5.927162516475502629e-01
5.975769136650272984e-01
6.020178728420930714e-01
6.060930411138681917e-01
6.098163314536523272e-01
6.132329435084651337e-01
6.163545418843117130e-01
6.192190218651612010e-01
6.218361630308574250e-01
6.242377367035629732e-01
6.264319420613627676e-01
6.284454161104019443e-01
6.302850330234301968e-01
6.319731252074135552e-01
6.335154559535626229e-01
6.349307487024238306e-01
6.362238353845857119e-01
6.374104136911404872e-01
6.384945347019933548e-01
6.394893593265944531e-01
6.403982839813651129e-01
6.412323427436443790e-01
6.419943831614388641e-01
6.426936561807549131e-01
6.433338777109034456e-01
6.439188181304276171e-01
6.444555784435676005e-01
6.449459911959771752e-01
6.453960098538865653e-01
6.458071708195138871e-01
6.461844654657626918e-01
6.465291819088504477e-01
6.468455049047666661e-01
6.471345144072951916e-01
6.473997189065907598e-01
6.476420238335146573e-01
6.478643706984428263e-01
6.480675186126043652e-01
6.482539337317847483e-01
6.484242524931574936e-01
6.485805425162720628e-01
6.487233373886451826e-01
6.488543705979284981e-01
6.489740895027144019e-01
6.490839474552115851e-01
6.491843195198728766e-01
6.492764241839719119e-01
6.493605759007153866e-01
6.494377962471349353e-01
6.495083488601032240e-01
6.495730902275411722e-01
6.496322413820188046e-01
6.496865204011124106e-01
6.497362157213938394e-01
6.497816200074493231e-01
6.498232844539256758e-01
6.498613513068093317e-01
6.498962826864713715e-01
6.499281978516319169e-01
6.499574842429869381e-01
6.499842418467831617e-01
6.500087954924419487e-01
6.500312290082114197e-01
6.500518147303590011e-01
6.500706229403022673e-01
6.500878819641648931e-01
6.501036507257316188e-01
6.501181206531188028e-01
6.501313411478971682e-01
6.501434727029757887e-01
6.501545567365218936e-01
6.501647278054351053e-01
6.501740206346151574e-01
6.501825480362686260e-01
6.501903391236747431e-01
6.501974884783375819e-01
6.502040205087659119e-01
6.502100145118834273e-01
6.502154909517295911e-01
6.502205163106699048e-01
6.502251077457097406e-01
6.502293209955168907e-01
6.502331784491349742e-01
6.502367028237950874e-01
6.502399369043663224e-01
6.502428917322768953e-01
6.502456031782660739e-01
6.502480804994429375e-01
6.502503537697560398e-01
6.502524307503447787e-01
6.502543366551412074e-01
6.502560779910674382e-01
6.502576758974282223e-01
6.502591358296127000e-01
6.502604755107671552e-01
6.502616995146776047e-01
6.502628227003908190e-01
6.502638489025589497e-01
6.502647905789736837e-01
6.502656509445988720e-01
6.502664404440197110e-01
6.502671617726546449e-01
6.502678236872208029e-01
6.502684284475510612e-01
6.502689833952575160e-01
6.502694904249791685e-01
6.502699556919073753e-01
6.502703807845031658e-01
6.502707708632654571e-01
6.502711272599563941e-01
6.502714543011269832e-01
6.502717537246608392e-01
6.502720272939166435e-01
6.502722783299443865e-01
6.502725076898024925e-01
6.502727181578522586e-01
6.502729104526494552e-01
6.502730869085964205e-01
6.502732481281285892e-01
