0.000000000000000000e+00
0.000000000000000000e+00
0.000000000000000000e+00
0.000000000000000000e+00
0.000000000000000000e+00
0.000000000000000000e+00
0.000000000000000000e+00
0.000000000000000000e+00
0.000000000000000000e+00
0.000000000000000000e+00
0.000000000000000000e+00
0.000000000000000000e+00
0.000000000000000000e+00
0.000000000000000000e+00
0.000000000000000000e+00
0.000000000000000000e+00
0.000000000000000000e+00
0.000000000000000000e+00
0.000000000000000000e+00
0.000000000000000000e+00
0.000000000000000000e+00
0.000000000000000000e+00
0.000000000000000000e+00
0.000000000000000000e+00
0.000000000000000000e+00
0.000000000000000000e+00
0.000000000000000000e+00
0.000000000000000000e+00
0.000000000000000000e+00
0.000000000000000000e+00
0.000000000000000000e+00
0.000000000000000000e+00
0.000000000000000000e+00
0.000000000000000000e+00
0.000000000000000000e+00
0.000000000000000000e+00
0.000000000000000000e+00
0.000000000000000000e+00
0.000000000000000000e+00
5.193898246898898119e-02
9.982909634675596333e-02
1.437944958161689046e-01
1.843326020166290991e-01
2.215485091950027963e-01
2.558632752553672285e-01
2.873658605570859059e-01
3.164126829210810454e-01
3.430790456657937804e-01
3.676666499630597551e-01
3.902392386957627135e-01
4.110521963922402766e-01
4.301594802379452021e-01
4.477772685689348497e-01
4.639512351566218995e-01
4.788643710117957419e-01
4.925553381472640990e-01
5.051790351094797016e-01
5.167681885857317026e-01
5.274539173648042922e-01
5.372843729309950689e-01
5.463091981180270285e-01
5.546304991021566710e-01
5.622698486933115358e-01
5.693136779036916950e-01
5.757802477226549032e-01
5.817427204224923099e-01
5.872165535969738892e-01
5.922636777725455159e-01
5.968971775198441687e-01
6.011694758977190745e-01
6.050916487560926704e-01
6.087080712562435991e-01
6.120281189027189095e-01
6.150893544585798178e-01
6.178997141170872176e-01
6.204909940707089566e-01
6.228699121620051571e-01
6.250633832868213169e-01
6.270770939761153295e-01
6.289338271973474725e-01
6.306383964950518228e-01
6.322100872348220824e-01
6.336529739941383355e-01
6.349833814825336376e-01
6.362047587553815164e-01
6.373309243809658353e-01
6.383647979216282575e-01
6.393180765428854162e-01
6.401932316009041335e-01
6.410001645325272834e-01
6.417425114976450518e-01
6.424240212754169788e-01
6.430524044149172891e-01
6.436292899871354223e-01
6.441612048309517391e-01
6.446495279251875932e-01
6.450997841196761673e-01
6.455131406947888228e-01
6.458942743349421756e-01
6.462441731216383989e-01
6.465667957827692103e-01
6.468629787112689655e-01
6.471360728979518306e-01
6.473867863341514761e-01
6.476179555723523551e-01
6.478301799142798245e-01
6.480258604497738384e-01
6.482055044767923713e-01
6.483711444740047902e-01
6.485232098598617823e-01
6.486634210904130837e-01
6.487921416605294533e-01
6.489108279048154682e-01
6.490197875150365281e-01
6.491202532518205448e-01
6.492124855706238318e-01
6.492975279807892131e-01
6.493756009531005402e-01
6.494475877991462420e-01
6.495138129023686480e-01
6.495746106930256891e-01
6.496306690326325572e-01
6.496821332513375014e-01
6.497295856113423085e-01
6.497731491319618247e-01
6.498133166875089684e-01
6.498501924115851480e-01
6.498841935132892988e-01
6.499154081398119676e-01
6.499441894510307183e-01
6.499706120619314076e-01
6.499949749158964174e-01
6.500173411731478001e-01
6.500379638837953111e-01
6.500568965118128650e-01
6.500743532594936980e-01
6.500903793831146471e-01
6.501051562010026208e-01
6.501187220217684581e-01
6.501312303280626370e-01
6.501427135474241448e-01
6.501533016001115328e-01
6.501630219354439522e-01
6.501719845285459654e-01
6.501802126147646632e-01
6.501877992860332078e-01
6.501947642106481462e-01
6.502011861892296185e-01
6.502070941601689746e-01
6.502125179581382808e-01
6.502175189475697392e-01
6.502221100934302278e-01
6.502263433395902847e-01
6.502302296606575771e-01
6.502338130261690052e-01
6.502371027259293834e-01
6.502401359793484881e-01
6.502429206500760506e-01
6.502454882436622396e-01
6.502478454165430133e-01
6.502500188375905932e-01
6.502520141413566934e-01
6.502538539025539688e-01
6.502555428907275115e-01
6.502571002149591939e-01
6.502585299125815954e-01
6.502598481590834423e-01
6.502610583719929949e-01
6.502621742435656937e-01
6.502631986666768116e-01
6.502641432315704462e-01
6.502650103870125653e-01
6.502658099439329042e-01
6.502665439751673659e-01
6.502672207854885977e-01
6.502678421295139399e-01
6.502684150370819927e-01
6.502689420897995731e-01
6.502694259492308726e-01
6.502698720897243101e-01
6.502702816678903597e-01
6.502706593176647010e-01
6.502710060180971752e-01
6.502713256917296292e-01
6.502716191673096890e-01
