0.000000000000000000e+00
0.000000000000000000e+00
0.000000000000000000e+00
0.000000000000000000e+00
0.000000000000000000e+00
0.000000000000000000e+00
0.000000000000000000e+00
0.000000000000000000e+00
0.000000000000000000e+00
0.000000000000000000e+00
0.000000000000000000e+00
0.000000000000000000e+00
0.000000000000000000e+00
0.000000000000000000e+00
0.000000000000000000e+00
0.000000000000000000e+00
0.000000000000000000e+00
0.000000000000000000e+00
0.000000000000000000e+00
0.000000000000000000e+00
0.000000000000000000e+00
0.000000000000000000e+00
0.000000000000000000e+00
0.000000000000000000e+00
0.000000000000000000e+00
0.000000000000000000e+00
0.000000000000000000e+00
0.000000000000000000e+00
0.000000000000000000e+00
0.000000000000000000e+00
0.000000000000000000e+00
0.000000000000000000e+00
0.000000000000000000e+00
0.000000000000000000e+00
0.000000000000000000e+00
0.000000000000000000e+00
0.000000000000000000e+00
0.000000000000000000e+00
0.000000000000000000e+00
0.000000000000000000e+00
0.000000000000000000e+00
3.138029057724625506e-03
7.890052521089020721e-02
1.456569760756848131e-01
2.047343009899403321e-01
2.567889815787240959e-01
3.028557097917000673e-01
3.434463903341454794e-01
3.793678449925658724e-01
4.110192417212173988e-01
4.390297159795886750e-01
4.637105269806979235e-01
4.855522557091019320e-01
5.047976127748479147e-01
5.218291385335598331e-01
5.368360914481705715e-01
5.501167650283914634e-01
5.618187373540795004e-01
5.721746087682515469e-01
5.813180835748915642e-01
5.893746545388282021e-01
5.965044622857265111e-01
6.027867349760165361e-01
6.083463454723251340e-01
6.132450735207504167e-01
6.175802912388035359e-01
6.214001726217812660e-01
6.247806455299821371e-01
6.277592746018103576e-01
6.303952661081868580e-01
6.327179118288306370e-01
6.347733790401880460e-01
6.365845085946020276e-01
6.381873003512315012e-01
6.395995649224993640e-01
6.408493739201445161e-01
6.419506155261893721e-01
6.429251791425382168e-01
6.437838943574893946e-01
6.445438298709161851e-01
6.452134302713561365e-01
6.458060052196503698e-01
6.463281395529691942e-01
6.467902117461246103e-01
6.471973564578828997e-01
6.475576665119985309e-01
6.478751457615608000e-01
6.481561047480998150e-01
6.484036655563129026e-01
6.486227489574430960e-01
6.488161835298389413e-01
6.489866241328200447e-01
6.491374586177343087e-01
6.492703630941197845e-01
6.493879793069692319e-01
6.494916142362897604e-01
6.495833278356891727e-01
6.496641392490244415e-01
6.497356547664093762e-01
6.497986690856938363e-01
6.498544347437896773e-01
6.499035714222736182e-01
6.499470558119078145e-01
6.499853711218223085e-01
6.500192789462151399e-01
6.500491560770903510e-01
6.500755963827891115e-01
6.500988936744286351e-01
6.501195110327512294e-01
6.501376775628643356e-01
6.501537543612584402e-01
6.501679200772334521e-01
6.501804562830151291e-01
6.501915022839759306e-01
6.502012776417025464e-01
6.502098909823511574e-01
6.502175135134700135e-01
6.502242299384816127e-01
6.502301737599029963e-01
6.502354217182106932e-01
6.502400458408136297e-01
6.502441380414910599e-01
6.502477437937738136e-01
6.502509347692737585e-01
6.502537464268877132e-01
6.502562346539918492e-01
6.502584271003716276e-01
6.502603673453285493e-01
6.502620769493373531e-01
6.502635898942316084e-01
6.502649229922237151e-01
6.502661027413296768e-01
6.502671422512088517e-01
6.502680621842203967e-01
6.502688727628840315e-01
6.502695900990883571e-01
6.502702221640480618e-01
6.502707815213312204e-01
6.502712743866523315e-01
6.502717105567052958e-01
6.502720948783181631e-01
6.502724349906593426e-01
6.502727346731399516e-01
6.502729998825550473e-01
6.502732335659759944e-01
6.502734403683331221e-01
6.502736225876644127e-01
6.502737838459473618e-01
6.502739262251822083e-01
6.502740516795015857e-01
6.502741627025636628e-01
6.502742605280837918e-01
6.502743471005417719e-01
6.502744233819517383e-01
6.502744908885610409e-01
6.502745503705195107e-01
6.502746030101511643e-01
6.502746493924004278e-01
6.502746904392083804e-01
6.502747266066968290e-01
6.502747586137680447e-01
6.502747868160921874e-01
6.502748117742473966e-01
6.502748337655749333e-01
6.502748532271966919e-01
6.502748703753750137e-01
6.502748855509647985e-01
6.502748989226005971e-01
6.502749107560708008e-01
6.502749211828718900e-01
6.502749304102575234e-01
6.502749385407645688e-01
6.502749457360034180e-01
6.502749520759293356e-01
6.502749576865610726e-01
6.502749626302453123e-01
6.502749670052477837e-01
6.502749708680541918e-01
6.502749742716806836e-01
6.502749772837813635e-01
6.502749799378272355e-01
6.502749822865732110e-01
6.502749843561187459e-01
6.502749861876003790e-01
6.502749878013699414e-01
