0.000000000000000000e+00
0.000000000000000000e+00
0.000000000000000000e+00
0.000000000000000000e+00
0.000000000000000000e+00
0.000000000000000000e+00
0.000000000000000000e+00
0.000000000000000000e+00
0.000000000000000000e+00
0.000000000000000000e+00
0.000000000000000000e+00
0.000000000000000000e+00
7.397963315958022701e-01
7.343602248614156114e-01
7.237817162754578426e-01
7.103374337392560633e-01
6.959228722417394319e-01
6.819467764979761926e-01
6.694211185852699808e-01
6.589266548341896623e-01
6.507408561638376998e-01
6.448749383981619010e-01
6.411406546676601259e-01
6.392434120755973170e-01
6.388174845928333845e-01
6.394848140637467981e-01
6.408861058545687328e-01
6.427017189076330572e-01
6.446722710050494243e-01
6.465942869453428221e-01
6.483298340178008656e-01
6.497912185935185159e-01
6.509376213277194845e-01
6.517670078285667801e-01
6.523009374337347399e-01
6.525801912146323991e-01
6.526535186168623826e-01
6.525729036659759785e-01
6.523880675701992926e-01
6.521428201276455727e-01
6.518738240167182285e-01
6.516094684133474368e-01
6.513692955982495203e-01
6.511660267517324074e-01
6.510053371230172248e-01
6.508883338957300868e-01
6.508119878265139491e-01
6.507710959481067814e-01
6.507589370299680098e-01
6.507684530222471730e-01
6.507927790027413506e-01
6.508258424583770463e-01
6.508625079158050220e-01
6.508988739404019119e-01
6.509320713675955661e-01
6.509603714771582395e-01
6.509828496321869995e-01
6.509993666208889751e-01
6.510102530356296491e-01
6.510162299695290145e-01
6.510181891740856042e-01
