0.000000000000000000e+00
6.873137417978952965e-04
2.739336582270370576e-03
6.139755985194722890e-03
1.086803386061079534e-02
1.690242880800124983e-02
2.421823116000828419e-02
3.278825337784566779e-02
4.258291014686349518e-02
5.357281586948572927e-02
6.571906864745111210e-02
7.898766981456310787e-02
9.334032669380688818e-02
1.087368097715097903e-01
1.251350553578622071e-01
1.424951409475501141e-01
1.607641075327488622e-01
1.798986992065504387e-01
1.998505967207388490e-01
2.205701988852301065e-01
2.420067390035690325e-01
2.641132706231114069e-01
2.868074616943951383e-01
3.101055407849512835e-01
3.338571377041664179e-01
3.581106328490821777e-01
3.827056300862353155e-01
4.076934027510964453e-01
4.329098379981584643e-01
4.584086186653983375e-01
4.840791915393375389e-01
5.098096636494515721e-01
5.356564026385172150e-01
5.614523119816896557e-01
5.872549195685256018e-01
6.128984164925704858e-01
6.384409865473608114e-01
6.637194775440204975e-01
6.887922285333997197e-01
7.135000658421207786e-01
7.379009909651986776e-01
7.618410730031704992e-01
7.853774949116657522e-01
8.083627657159390134e-01
8.308527845020686753e-01
8.527076214333648707e-01
8.739814456721080038e-01
8.945429257646234644e-01
9.144440775655835463e-01
9.335631141018134738e-01
9.519495003491632579e-01
9.694918424824268133e-01
9.862366857080302474e-01
1.002083775236611629e+00
1.017076398869970477e+00
1.031126079574161469e+00
1.044272543631837413e+00
1.056439619907214800e+00
1.067663204512368846e+00
1.077900978734465776e+00
1.087121382806360392e+00
1.095354143003596903e+00
1.102555425944933054e+00
1.108750620894258798e+00
1.113909152153360616e+00
1.118051937890970793e+00
1.121161674920721163e+00
1.123254716231840922e+00
1.124326934234471942e+00
1.124390062713309213e+00
1.123452943868976428e+00
1.121522678038525456e+00
1.118620766232279129e+00
1.114749700272010369e+00
1.109943228353658551e+00
1.104199296967146804e+00
1.097563394520690183e+00
1.090029022378050660e+00
1.081652812835356414e+00
1.072423957840843656e+00
1.062409554542371071e+00
1.051594654900403603e+00
1.040056066379242639e+00
1.027774902058077533e+00
1.014836857398430103e+00
1.001219337116213914e+00
9.870160427106838830e-01
9.722009279910953650e-01
9.568747673906228268e-01
9.410083455531048635e-01
9.246726189484499869e-01
9.079432525298478662e-01
8.907868502525454479e-01
8.733175327742138672e-01
8.554995269176306483e-01
8.374504852567071778e-01
8.191326013203800160e-01
8.006660069930306989e-01
7.820112171501295562e-01
7.632897887689789052e-01
7.444609203379970452e-01
7.256465469816859581e-01
7.068049175120636463e-01
6.880573141873324028e-01
6.693614041369497780e-01
6.508368100400545586e-01
6.324409835064385144e-01
6.142909132358340685e-01
5.963441966083878887e-01
5.787142538505779532e-01
5.613591815845826449e-01
5.443879440965682104e-01
5.277594800780287532e-01
5.115774640299320941e-01
4.958020062109020909e-01
4.805307171386287157e-01
4.657251922831029955e-01
4.514762690411816548e-01
4.377473235399850782e-01
4.245938876985085875e-01
4.120650725444729434e-01
4.001274353584831078e-01
3.888522418200640041e-01
3.782084754030359264e-01
3.682587215238030676e-01
3.589746060703866704e-01
3.504096669789579233e-01
3.425383626332143550e-01
3.354048989624088817e-01
3.289867296685046183e-01
3.233185277180512518e-01
3.183808768249748455e-01
3.141987997707466618e-01
3.107561162281818889e-01
3.080681647609852525e-01
3.061220778358574868e-01
3.049235577232440875e-01
3.044630972928044077e-01
3.047368905050870658e-01
3.057388091494137594e-01
3.074557443825554071e-01
3.098849367132908705e-01
3.130042543825820589e-01
3.168142683113411850e-01
3.212841743862390187e-01
3.264178083606093517e-01
3.321761107677020375e-01
3.385660903897259044e-01
3.455567107711539077e-01
3.531106380273026923e-01
3.612394156925652910e-01
3.698855589860863824e-01
3.790634488020541149e-01
3.887092562279197971e-01
3.988400269492941019e-01
4.093862397990236102e-01
4.203674134542647045e-01
4.317090222809367162e-01
4.434328488782554589e-01
4.554600804114523060e-01
4.678145391338404124e-01
4.804138651925460857e-01
4.932836831895200946e-01
5.063388427177932805e-01
5.196065226160361261e-01
5.329995480180502732e-01
5.465463953619351667e-01
5.601586344379123616e-01
5.738657764318939591e-01
5.875789014121541864e-01
6.013282885675438338e-01
6.150252840054515335e-01
6.287006665909355974e-01
6.422667882034586162e-01
6.557546597581933590e-01
6.690783566911779889e-01
6.822688572772112048e-01
6.952706311901882819e-01
7.080304230595636517e-01
7.205786773496801745e-01
7.328367267933439955e-01
7.448343482299498719e-01
7.564968595301280185e-01
7.678531320029419183e-01
7.788330231646897195e-01
