0.000000000000000000e+00
0.000000000000000000e+00
0.000000000000000000e+00
0.000000000000000000e+00
0.000000000000000000e+00
0.000000000000000000e+00
0.000000000000000000e+00
0.000000000000000000e+00
0.000000000000000000e+00
0.000000000000000000e+00
0.000000000000000000e+00
0.000000000000000000e+00
0.000000000000000000e+00
0.000000000000000000e+00
0.000000000000000000e+00
0.000000000000000000e+00
0.000000000000000000e+00
0.000000000000000000e+00
0.000000000000000000e+00
0.000000000000000000e+00
0.000000000000000000e+00
0.000000000000000000e+00
0.000000000000000000e+00
0.000000000000000000e+00
0.000000000000000000e+00
0.000000000000000000e+00
0.000000000000000000e+00
0.000000000000000000e+00
0.000000000000000000e+00
0.000000000000000000e+00
0.000000000000000000e+00
0.000000000000000000e+00
0.000000000000000000e+00
0.000000000000000000e+00
0.000000000000000000e+00
0.000000000000000000e+00
0.000000000000000000e+00
0.000000000000000000e+00
0.000000000000000000e+00
0.000000000000000000e+00
0.000000000000000000e+00
0.000000000000000000e+00
0.000000000000000000e+00
0.000000000000000000e+00
0.000000000000000000e+00
0.000000000000000000e+00
0.000000000000000000e+00
0.000000000000000000e+00
0.000000000000000000e+00
0.000000000000000000e+00
0.000000000000000000e+00
0.000000000000000000e+00
0.000000000000000000e+00
0.000000000000000000e+00
0.000000000000000000e+00
0.000000000000000000e+00
0.000000000000000000e+00
0.000000000000000000e+00
0.000000000000000000e+00
0.000000000000000000e+00
0.000000000000000000e+00
0.000000000000000000e+00
0.000000000000000000e+00
0.000000000000000000e+00
0.000000000000000000e+00
0.000000000000000000e+00
0.000000000000000000e+00
1.479188379904111672e-01
3.389734301071585798e-01
5.128910692701846852e-01
6.705222548235876268e-01
8.140144543367215935e-01
9.440693793907501963e-01
1.062458816024123731e+00
1.169761717232579823e+00
1.267439909872485337e+00
1.355971063944264143e+00
1.436561271894529979e+00
1.509604639343232746e+00
1.576096262928144975e+00
1.636361302779770321e+00
1.691220771683064727e+00
1.740942945717122159e+00
1.786205208331422822e+00
1.827228902943754951e+00
1.864572910421794960e+00
1.898419851999472829e+00
1.929230837000458498e+00
1.957156538597758733e+00
1.982577398886768316e+00
2.005665447858370420e+00
2.026591424941678987e+00
2.045640412412677467e+00
2.062905564430011385e+00
2.078622090504457010e+00
2.092866848251965006e+00
2.105833899242196772e+00
2.117586655492560421e+00
2.128285229120524313e+00
2.137981938740217025e+00
2.146808886190273213e+00
2.154809237379870179e+00
2.162091984033348346e+00
2.168692740544289510e+00
2.174701431444382216e+00
2.180147440686249549e+00
2.185104961255170064e+00
2.189598236626461691e+00
2.193688480341760005e+00
2.197395694682684031e+00
2.200770384392579881e+00
2.203829052520815068e+00
2.206613368427342792e+00
2.209136948090758779e+00
2.211434171164218920e+00
2.213516271624487608e+00
2.215411614691295217e+00
2.217129469050916679e+00
2.218693237664594697e+00
2.220113502986947651e+00
2.221400768083463095e+00
2.222572569839612822e+00
2.223634638649564010e+00
2.224601443467019379e+00
2.225477712201505476e+00
2.226275382584016693e+00
2.226998355415761299e+00
2.227656480021314778e+00
2.228252974789266538e+00
2.228795965987048877e+00
2.229288108973024318e+00
2.229736108391950022e+00
2.230142155069402943e+00
2.230511780728488880e+00
2.230846792928132150e+00
2.231151755662642344e+00
2.231428160273593697e+00
2.231679772322578525e+00
2.231907822253407669e+00
2.232115416874094649e+00
2.232303571372574069e+00
2.232474849046723886e+00
2.232630087485820702e+00
2.232771401560169622e+00
2.232899482329792740e+00
2.233016074686083208e+00
2.233121748793879036e+00
2.233217944290385670e+00
2.233305312157127354e+00
2.233384498491993053e+00
2.233456582079522690e+00
2.233521915425903615e+00
2.233581388591323602e+00
2.233635292413954421e+00
2.233684361245380501e+00
2.233728835044062944e+00
2.233769319692904709e+00
2.233806013171635740e+00
2.233839415369002435e+00
2.233869689629832234e+00
2.233897248391506718e+00
2.233922226423039170e+00
2.233944964009333400e+00
2.233965572342687889e+00
2.233984332178002408e+00
2.234001335255410670e+00
2.234016813214085406e+00
2.234030841744989893e+00
2.234043611963956177e+00
2.234055186320444975e+00
2.234065722496168860e+00
2.234075272015576985e+00
2.234083964975281056e+00
2.234091843885958273e+00
2.234099016084903688e+00
2.234105516645906508e+00
2.234111434128497553e+00
2.234116808577918611e+00
2.234121679738991784e+00
2.234126113973335492e+00
2.234130132965428395e+00
2.234133791467477259e+00
2.234137107370441466e+00
2.234140125848086189e+00
2.234142861661497559e+00
2.234145352081667646e+00
2.234147609287352676e+00
2.234149664029295934e+00
2.234151526355682371e+00
2.234153221637669162e+00
2.234154758165595833e+00
2.234156156872145527e+00
2.234157424597333463e+00
2.234158578611844526e+00
2.234159624559089785e+00
2.234160576688392297e+00
2.234161439655895087e+00
2.234162225218121911e+00
2.234162937216661593e+00
2.234163585351331971e+00
2.234164172791668346e+00
2.234164707540586825e+00
2.234165192213138695e+00
2.234165633412196428e+00
2.234166033295329701e+00
2.234166397310293650e+00
2.234166727920478657e+00
2.234167027570793884e+00
2.234167300343485874e+00
2.234167547572479151e+00
2.234167772625864856e+00
2.234167976604208850e+00
2.234168162286382486e+00
2.234168330580417194e+00
2.234168483779044312e+00
2.234168622631442336e+00
2.234168749029247891e+00
2.234168863590577647e+00
2.234168967229429370e+00
2.234169061808434886e+00
2.234169147726089211e+00
2.234169225775581857e+00
2.234169296677462224e+00
2.234169362418929161e+00
2.234169420807293083e+00
2.234169473848570231e+00
2.234169522032436461e+00
2.234169565803723501e+00
2.234169605566525885e+00
2.234169641687932195e+00
2.234169674501414793e+00
2.234169704309906024e+00
2.234169731388596869e+00
2.234169755987476691e+00
2.234169778333642054e+00
2.234169798633391490e+00
2.234169817074131537e+00
2.234169833826106455e+00
2.234169849043969869e+00
2.234169862868212952e+00
2.234169875426459839e+00
2.234169886834648455e+00
2.234169897412521255e+00
2.234169906807271566e+00
2.234169915341670087e+00
2.234169923094505794e+00
2.234169930137352988e+00
2.234169936535230772e+00
2.234169942347203897e+00
2.234169947626928554e+00
2.234169952423146643e+00
2.234169956780136967e+00
2.234169960738123351e+00
2.234169964333645009e+00
2.234169967599896722e+00
2.234169970567031260e+00
2.234169973262442266e+00
2.234169975711012945e+00
2.234169977935348328e+00
2.234169979955983987e+00
2.234169981791573889e+00
