0.000000000000000000e+00
0.000000000000000000e+00
0.000000000000000000e+00
0.000000000000000000e+00
0.000000000000000000e+00
0.000000000000000000e+00
0.000000000000000000e+00
0.000000000000000000e+00
0.000000000000000000e+00
0.000000000000000000e+00
0.000000000000000000e+00
0.000000000000000000e+00
0.000000000000000000e+00
0.000000000000000000e+00
0.000000000000000000e+00
0.000000000000000000e+00
0.000000000000000000e+00
0.000000000000000000e+00
0.000000000000000000e+00
0.000000000000000000e+00
0.000000000000000000e+00
0.000000000000000000e+00
0.000000000000000000e+00
0.000000000000000000e+00
0.000000000000000000e+00
0.000000000000000000e+00
0.000000000000000000e+00
0.000000000000000000e+00
0.000000000000000000e+00
0.000000000000000000e+00
0.000000000000000000e+00
0.000000000000000000e+00
0.000000000000000000e+00
0.000000000000000000e+00
0.000000000000000000e+00
0.000000000000000000e+00
0.000000000000000000e+00
0.000000000000000000e+00
0.000000000000000000e+00
0.000000000000000000e+00
0.000000000000000000e+00
0.000000000000000000e+00
0.000000000000000000e+00
0.000000000000000000e+00
0.000000000000000000e+00
0.000000000000000000e+00
0.000000000000000000e+00
0.000000000000000000e+00
0.000000000000000000e+00
0.000000000000000000e+00
0.000000000000000000e+00
0.000000000000000000e+00
0.000000000000000000e+00
0.000000000000000000e+00
0.000000000000000000e+00
0.000000000000000000e+00
0.000000000000000000e+00
0.000000000000000000e+00
0.000000000000000000e+00
0.000000000000000000e+00
0.000000000000000000e+00
0.000000000000000000e+00
0.000000000000000000e+00
0.000000000000000000e+00
0.000000000000000000e+00
0.000000000000000000e+00
0.000000000000000000e+00
2.161056186749735764e-01
4.843716940272779770e-01
7.174469083048404805e-01
9.190684992563245004e-01
1.094241582368998600e+00
1.245774965352373975e+00
1.377430358836887914e+00
1.491318787402613033e+00
1.590267451920969410e+00
1.675862941877089618e+00
1.750230105658479918e+00
1.814561381391204264e+00
1.870453748163493080e+00
1.918803410505764528e+00
1.960810615091262088e+00
1.997148925220911142e+00
2.028720414119869808e+00
2.056031313909217229e+00
2.079759598643526441e+00
2.100285738814672953e+00
2.118119281547940158e+00
2.133546178265927296e+00
2.146949390928805101e+00
2.158567279733073718e+00
2.168617328304195180e+00
2.177349022094167363e+00
2.184902369193267191e+00
2.191464876179376020e+00
2.197141769380013709e+00
2.202073973712714849e+00
2.206340574464491500e+00
2.210047487025653457e+00
2.213254149777916346e+00
2.216040165889412883e+00
2.218450207654503625e+00
2.220544102680472864e+00
2.222355425466251866e+00
2.223929140837704654e+00
2.225290482488212707e+00
2.226473244775544647e+00
2.227496392667216885e+00
2.228385325096619685e+00
2.229154295624953264e+00
2.229822393409695902e+00
2.230400331045358175e+00
2.230902455430985754e+00
2.231336817865444910e+00
2.231714201093469185e+00
2.232040656255458000e+00
2.232324287373304905e+00
2.232569642321924785e+00
2.232782811866931727e+00
2.232967586975156848e+00
2.233127426584890163e+00
2.233266298603052036e+00
2.233386429768981607e+00
2.233490802255154950e+00
2.233581089619167681e+00
2.233659533181910906e+00
2.233727390744411956e+00
2.233786346823369851e+00
2.233837346748319241e+00
2.233881656556856221e+00
2.233919986733317486e+00
2.233953288797621006e+00
2.233982096730750211e+00
2.234007125669568161e+00
2.234028776939867011e+00
2.234047588019343333e+00
2.234063860533704649e+00
2.234077998436779122e+00
2.234090228422363378e+00
2.234100854091326305e+00
2.234110045820647983e+00
2.234118031788602909e+00
2.234124940045962848e+00
2.234130942085401639e+00
2.234136134146446739e+00
2.234140645118395163e+00
2.234144547332295172e+00
2.234147937657888328e+00
2.234150876388082185e+00
2.234153418535083979e+00
2.234155627205920869e+00
2.234157537815460781e+00
2.234159197793254670e+00
2.234160633756168135e+00
2.234161881350980039e+00
2.234162960582212420e+00
2.234163898241029678e+00
2.234164709362293610e+00
2.234165414081524581e+00
2.234166023698523240e+00
2.234166553346606410e+00
2.234167011518401136e+00
2.234167409587702213e+00
2.234167753937341239e+00
2.234168053115557218e+00
2.234168311919515038e+00
2.234168536773842195e+00
2.234168731283958653e+00
2.234168900278443726e+00
2.234169046467033404e+00
2.234169173478758097e+00
2.234169283350183388e+00
2.234169378808790629e+00
2.234169461385208777e+00
2.234169533129339413e+00
2.234169595191561442e+00
2.234169649112526468e+00
2.234169695851155435e+00
2.234169736282380914e+00
2.234169771409881378e+00
2.234169801796907162e+00
2.234169828197794860e+00
2.234169851035868515e+00
2.234169870878067954e+00
2.234169888042552010e+00
2.234169902955417175e+00
2.234169915855783284e+00
2.234169927063893279e+00
2.234169936759462516e+00
2.234169945183177131e+00
2.234169952470107301e+00
2.234169958801145661e+00
2.234169964277806564e+00
2.234169969036045256e+00
2.234169973152157151e+00
2.234169976728321849e+00
2.234169979821881036e+00
2.234169982509630614e+00
2.234169984834666778e+00
2.234169986854707357e+00
2.234169988602141999e+00
2.234169990120350224e+00
2.234169991433675673e+00
2.234169992574720265e+00
2.234169993561780476e+00
2.234169994419358929e+00
2.234169995162706979e+00
2.234169995805739717e+00
2.234169996364420374e+00
2.234169996847706230e+00
2.234169997267595686e+00
2.234169997630820692e+00
2.234169997946398034e+00
2.234169998219388553e+00
2.234169998456567718e+00
2.234169998661740042e+00
2.234169998839997895e+00
2.234169998994199879e+00
2.234169999127362249e+00
2.234169999243364124e+00
2.234169999343945445e+00
2.234169999431156572e+00
2.234169999506774307e+00
2.234169999573663912e+00
2.234169999630337689e+00
2.234169999679477936e+00
2.234169999722085631e+00
2.234169999759029412e+00
2.234169999791062455e+00
2.234169999818837127e+00
2.234169999842919641e+00
2.234169999863800271e+00
2.234169999881905788e+00
2.234169999897604342e+00
2.234169999911216120e+00
2.234169999923018235e+00
2.234169999933251827e+00
2.234169999942124729e+00
2.234169999949818575e+00
2.234169999956489239e+00
2.234169999962273057e+00
2.234169999967288156e+00
2.234169999971724607e+00
2.234169999975483378e+00
2.234169999978742549e+00
2.234169999981568289e+00
2.234169999984018773e+00
2.234169999986142852e+00
2.234169999987984934e+00
2.234169999989582323e+00
2.234169999990967437e+00
2.234169999992167810e+00
2.234169999993209199e+00
2.234169999994112032e+00
2.234169999994894518e+00
2.234169999995573530e+00
2.234169999996161948e+00
2.234169999996671763e+00
2.234169999997114520e+00
2.234169999997497769e+00
2.234169999997830391e+00
