0.000000000000000000e+00
0.000000000000000000e+00
0.000000000000000000e+00
0.000000000000000000e+00
0.000000000000000000e+00
0.000000000000000000e+00
0.000000000000000000e+00
0.000000000000000000e+00
0.000000000000000000e+00
0.000000000000000000e+00
0.000000000000000000e+00
0.000000000000000000e+00
0.000000000000000000e+00
0.000000000000000000e+00
0.000000000000000000e+00
0.000000000000000000e+00
0.000000000000000000e+00
0.000000000000000000e+00
0.000000000000000000e+00
0.000000000000000000e+00
0.000000000000000000e+00
0.000000000000000000e+00
0.000000000000000000e+00
0.000000000000000000e+00
0.000000000000000000e+00
0.000000000000000000e+00
0.000000000000000000e+00
0.000000000000000000e+00
0.000000000000000000e+00
0.000000000000000000e+00
0.000000000000000000e+00
0.000000000000000000e+00
0.000000000000000000e+00
0.000000000000000000e+00
0.000000000000000000e+00
0.000000000000000000e+00
0.000000000000000000e+00
0.000000000000000000e+00
0.000000000000000000e+00
0.000000000000000000e+00
0.000000000000000000e+00
0.000000000000000000e+00
0.000000000000000000e+00
0.000000000000000000e+00
0.000000000000000000e+00
0.000000000000000000e+00
0.000000000000000000e+00
0.000000000000000000e+00
0.000000000000000000e+00
0.000000000000000000e+00
0.000000000000000000e+00
0.000000000000000000e+00
0.000000000000000000e+00
0.000000000000000000e+00
0.000000000000000000e+00
0.000000000000000000e+00
0.000000000000000000e+00
0.000000000000000000e+00
0.000000000000000000e+00
0.000000000000000000e+00
0.000000000000000000e+00
0.000000000000000000e+00
0.000000000000000000e+00
0.000000000000000000e+00
0.000000000000000000e+00
0.000000000000000000e+00
0.000000000000000000e+00
0.000000000000000000e+00
1.442093620678756016e-01
4.053039903117092724e-01
6.333172418553563165e-01
8.333085948860281533e-01
1.007960517033393177e+00
1.161148430381370611e+00
1.294927031858529309e+00
1.412264788917998226e+00
1.514735543279831509e+00
1.604613059924839824e+00
1.683102858618661823e+00
1.751946581225185762e+00
1.812067622954251167e+00
1.864800033897953124e+00
1.910851109563058259e+00
1.951242695878466993e+00
1.986516561881490839e+00
2.017455413640362849e+00
2.044474231438403233e+00
2.068172546743050955e+00
2.088868223115500911e+00
2.107020485282678823e+00
2.122905021418895366e+00
2.136776945012431650e+00
2.148944065782069757e+00
2.159569580321643922e+00
2.168889262467440737e+00
2.177028116352369924e+00
2.184166738294500032e+00
2.190400878044957977e+00
2.195868867450116113e+00
2.200644048203785452e+00
2.204832378721538255e+00
2.208490036737391637e+00
2.211698183503256310e+00
2.214499849628806860e+00
2.216957202415962058e+00
2.219103202136285091e+00
2.220985467244848799e+00
2.222629244409310534e+00
2.224071008065484190e+00
2.225330096471143104e+00
2.226434448047765358e+00
2.227398875372549991e+00
2.228244778513169155e+00
2.228983503499128549e+00
2.229631442197688163e+00
2.230197285357516268e+00
2.230693588701164298e+00
2.231127009104710179e+00
2.231507163908649893e+00
2.231839826728574394e+00
2.232130340293517534e+00
2.232385150926379236e+00
2.232607676381297868e+00
2.232802854365523171e+00
2.232973302785363323e+00
2.233122803789691080e+00
2.233253362623226046e+00
2.233367876308689493e+00
2.233467880808760686e+00
2.233555595163707164e+00
2.233632195878983762e+00
2.233699382678819401e+00
2.233758056734254094e+00
2.233809519987616454e+00
2.233854462711306610e+00
2.233893882157583999e+00
2.233928307056250784e+00
2.233958501275295827e+00
2.233984869807305262e+00
2.234007997754292152e+00
2.234028195329513800e+00
2.234045910705130034e+00
2.234061381496021959e+00
2.234074950989820785e+00
2.234086801193035488e+00
2.234097195054613572e+00
2.234106271986569414e+00
2.234114233400613880e+00
2.234121200211026892e+00
2.234127284308221384e+00
2.234132620694688320e+00
2.234137280946942639e+00
2.234141368473204992e+00
2.234144938099130062e+00
2.234148069032589667e+00
2.234150803268538432e+00
2.234153201478041861e+00
2.234155295828088583e+00
2.234157132791057876e+00
2.234158737005983220e+00
2.234160144069438303e+00
2.234161372854249539e+00
2.234162450626419716e+00
2.234163391842018953e+00
2.234164217386060525e+00
2.234164938331498540e+00
2.234165570675683110e+00
2.234166122900195006e+00
2.234166607258567083e+00
2.234167030247458552e+00
2.234167401252740603e+00
2.234167725250676639e+00
2.234168009430588242e+00
2.234168257604156604e+00
2.234168475278206056e+00
2.234168665372380236e+00
2.234168832104756142e+00
2.234168978007587292e+00
2.234169105424145929e+00
2.234169217181729117e+00
2.234169314779332449e+00
2.234169400382588488e+00
2.234169475139686778e+00
2.234169540709442625e+00
2.234169597971337407e+00
2.234169648195979185e+00
2.234169692057026424e+00
2.234169730527730380e+00
2.234169764124094293e+00
2.234169793591602282e+00
2.234169819325499518e+00
2.234169841896806119e+00
2.234169861608268359e+00
2.234169878897272365e+00
2.234169893995713974e+00
2.234169907238618524e+00
2.234169918803612820e+00
2.234169928947315586e+00
2.234169937805785100e+00
2.234169945575585015e+00
2.234169952360930189e+00
2.234169958312384630e+00
2.234169963509774259e+00
2.234169968068425494e+00
2.234169972049483643e+00
2.234169975541286046e+00
2.234169978596864947e+00
2.234169981265293536e+00
2.234169983605783116e+00
2.234169985649726797e+00
2.234169987442477634e+00
2.234169989008082613e+00
2.234169990381281057e+00
2.234169991580491565e+00
2.234169992632323964e+00
2.234169993550886524e+00
2.234169994356561606e+00
2.234169995060155678e+00
2.234169995673524589e+00
2.234169996212926890e+00
2.234169996685078541e+00
2.234169997098365279e+00
2.234169997460125678e+00
2.234169997783210349e+00
2.234169998059587936e+00
2.234169998301508198e+00
2.234169998513266808e+00
2.234169998698624759e+00
2.234169998860873640e+00
2.234169999002893814e+00
2.234169999127207706e+00
2.234169999236022885e+00
2.234169999331271583e+00
2.234169999414644892e+00
2.234169999487623848e+00
2.234169999551504304e+00
2.234169999607420465e+00
2.234169999656364869e+00
2.234169999699207931e+00
2.234169999736709045e+00
2.234169999769534343e+00
2.234169999798267803e+00
2.234169999823929054e+00
2.234169999845880827e+00
2.234169999865095679e+00
2.234169999881914670e+00
2.234169999896637115e+00
2.234169999909523696e+00
2.234169999920804006e+00
2.234169999930677886e+00
2.234169999939320750e+00
2.234169999946885810e+00
2.234169999953507624e+00
2.234169999959303876e+00
2.234169999964377595e+00
2.234169999968818932e+00
2.234169999972706488e+00
2.234169999976109544e+00
2.234169999979088050e+00
2.234169999981695298e+00
2.234169999983977473e+00
