0.000000000000000000e+00
0.000000000000000000e+00
0.000000000000000000e+00
0.000000000000000000e+00
0.000000000000000000e+00
0.000000000000000000e+00
0.000000000000000000e+00
0.000000000000000000e+00
0.000000000000000000e+00
0.000000000000000000e+00
0.000000000000000000e+00
0.000000000000000000e+00
0.000000000000000000e+00
0.000000000000000000e+00
0.000000000000000000e+00
0.000000000000000000e+00
0.000000000000000000e+00
0.000000000000000000e+00
0.000000000000000000e+00
0.000000000000000000e+00
0.000000000000000000e+00
0.000000000000000000e+00
0.000000000000000000e+00
0.000000000000000000e+00
0.000000000000000000e+00
0.000000000000000000e+00
0.000000000000000000e+00
0.000000000000000000e+00
0.000000000000000000e+00
0.000000000000000000e+00
0.000000000000000000e+00
0.000000000000000000e+00
0.000000000000000000e+00
0.000000000000000000e+00
0.000000000000000000e+00
0.000000000000000000e+00
0.000000000000000000e+00
0.000000000000000000e+00
0.000000000000000000e+00
0.000000000000000000e+00
0.000000000000000000e+00
0.000000000000000000e+00
0.000000000000000000e+00
0.000000000000000000e+00
0.000000000000000000e+00
0.000000000000000000e+00
0.000000000000000000e+00
0.000000000000000000e+00
0.000000000000000000e+00
0.000000000000000000e+00
0.000000000000000000e+00
0.000000000000000000e+00
0.000000000000000000e+00
0.000000000000000000e+00
0.000000000000000000e+00
0.000000000000000000e+00
0.000000000000000000e+00
0.000000000000000000e+00
0.000000000000000000e+00
0.000000000000000000e+00
0.000000000000000000e+00
0.000000000000000000e+00
0.000000000000000000e+00
0.000000000000000000e+00
0.000000000000000000e+00
0.000000000000000000e+00
0.000000000000000000e+00
8.436567965520661017e-02
3.015380655982781155e-01
4.971739590687407895e-01
6.726446151711572563e-01
8.307142446748054798e-01
9.724907924587575803e-01
1.100207681870939869e+00
1.214760108743971445e+00
1.317952631509687889e+00
1.410508549308574278e+00
1.493885906866870616e+00
1.568669114463942194e+00
1.636036241142170944e+00
1.696459477943285332e+00
1.750890679528288363e+00
1.799711366188251338e+00
1.843690616188603748e+00
1.883136689787665796e+00
1.918670985821402386e+00
1.950542572004122510e+00
1.979253525342415720e+00
2.005005087237456074e+00
2.028202925202531759e+00
2.049052499291751150e+00
2.067752996322187897e+00
2.084599007517415448e+00
2.099708610283543830e+00
2.113319828046331228e+00
2.125528064831621933e+00
2.136525638490987422e+00
2.146389633442583378e+00
2.155275438408825295e+00
2.163245335955565896e+00
2.170424876856467566e+00
2.176864384096408145e+00
2.182665300022825772e+00
2.187868284534239649e+00
2.192555300883870739e+00
2.196759201402548101e+00
2.200546210650804912e+00
2.203942872611294845e+00
2.207002695316524932e+00
2.209747125738362961e+00
2.212219397225883011e+00
2.214436838474944658e+00
2.216434381109541718e+00
2.218226026346350910e+00
2.219839998192556063e+00
2.221287609332621038e+00
2.222591664162403724e+00
2.223761303089679231e+00
2.224814951579940914e+00
2.225761941652670384e+00
2.226611320396195026e+00
2.227376468178048796e+00
2.228062748087708655e+00
2.228680971176773440e+00
2.229235470707158218e+00
2.229734981777982128e+00
2.230183005572455635e+00
2.230586599864369468e+00
2.230948593535085678e+00
2.231274689115302579e+00
2.231567172280829237e+00
2.231830650554848194e+00
2.232066970714664311e+00
2.232279855540744151e+00
2.232470797189762823e+00
2.232642803588938296e+00
2.232797080369041343e+00
2.232936057871112379e+00
2.233060710219100464e+00
2.233173001076734110e+00
2.233273717515388057e+00
2.233364446133475401e+00
2.233445822867880182e+00
2.233519129656281521e+00
2.233584880322119659e+00
2.233644110643699054e+00
2.233697235779400714e+00
2.233745092616003625e+00
2.233788105014914205e+00
2.233826683895934195e+00
2.233861436996908090e+00
2.233892607909981898e+00
2.233920687674372907e+00
2.233945873107339608e+00
2.233968560958096816e+00
2.233988910250792159e+00
2.234007241550329148e+00
2.234023683344827926e+00
2.234038494643893813e+00
2.234051779263186432e+00
2.234063746476943724e+00
2.234074480166005294e+00
2.234084149419490295e+00
2.234092822011329638e+00
2.234100634561924981e+00
2.234107641831166280e+00
2.234113954205425134e+00
2.234119615929524905e+00
2.234124716193298887e+00
2.234129290745621166e+00
2.234133411649975365e+00
2.234137107790687971e+00
2.234140437393517420e+00
2.234143423796383754e+00
2.234146114044457843e+00
2.234148526994281347e+00
2.234150700657349109e+00
2.234152654285495032e+00
2.234154406542744553e+00
2.234155985032620695e+00
2.234157400819106964e+00
2.234158676205261429e+00
2.234159820130547036e+00
2.234160850615359184e+00
2.234161774882593043e+00
2.234162607492343522e+00
2.234163354280556124e+00
2.234164027011477316e+00
2.234164630400425899e+00
2.234165173952662453e+00
2.234165661478064280e+00
2.234166100656678644e+00
2.234166494566805827e+00
2.234166849413759426e+00
2.234167167684740996e+00
2.234167454393511942e+00
2.234167711549676749e+00
2.234167943204248719e+00
2.234168150980945899e+00
2.234168338152899391e+00
2.234168506032039314e+00
2.234168657262985747e+00
2.234168792905750323e+00
2.234168915097129560e+00
2.234169024693590799e+00
2.234169123421619219e+00
2.234169212155636242e+00
2.234169291743363317e+00
2.234169363438556655e+00
2.234169427743743164e+00
2.234169485671930300e+00
2.234169537629149271e+00
2.234169584433888911e+00
2.234169626414213905e+00
2.234169664231445473e+00
2.234169698150652472e+00
2.234169728706168812e+00
2.234169756112164951e+00
2.234169780648077808e+00
2.234169802806922789e+00
2.234169822727289478e+00
2.234169840635308990e+00
2.234169856734267601e+00
2.234169871504737781e+00
2.234169884485278423e+00
2.234169896154530210e+00
2.234169906644958736e+00
2.234169916075648299e+00
2.234169924553653264e+00
2.234169932175213535e+00
2.234169939026846574e+00
2.234169945186331052e+00
2.234169950723585707e+00
2.234169955701470034e+00
2.234169960176489944e+00
2.234169964199445246e+00
2.234169967816003410e+00
2.234169971067217819e+00
2.234169973989996283e+00
2.234169976617516706e+00
2.234169978979605897e+00
2.234169981103077962e+00
2.234169983051320418e+00
2.234169984763469508e+00
2.234169986302657840e+00
2.234169987686358105e+00
2.234169988930277295e+00
2.234169990048536558e+00
2.234169991053829296e+00
2.234169991957568158e+00
2.234169992770011159e+00
2.234169993500382034e+00
2.234169994156970596e+00
2.234169994747231325e+00
2.234169995277864196e+00
2.234169995754892390e+00
2.234169996183731133e+00
2.234169996569249417e+00
2.234169996915822409e+00
2.234169997227384741e+00
2.234169997507473582e+00
