0.000000000000000000e+00
0.000000000000000000e+00
0.000000000000000000e+00
0.000000000000000000e+00
0.000000000000000000e+00
0.000000000000000000e+00
0.000000000000000000e+00
0.000000000000000000e+00
0.000000000000000000e+00
0.000000000000000000e+00
0.000000000000000000e+00
0.000000000000000000e+00
0.000000000000000000e+00
0.000000000000000000e+00
0.000000000000000000e+00
0.000000000000000000e+00
0.000000000000000000e+00
0.000000000000000000e+00
0.000000000000000000e+00
0.000000000000000000e+00
0.000000000000000000e+00
0.000000000000000000e+00
0.000000000000000000e+00
0.000000000000000000e+00
0.000000000000000000e+00
0.000000000000000000e+00
0.000000000000000000e+00
0.000000000000000000e+00
0.000000000000000000e+00
0.000000000000000000e+00
0.000000000000000000e+00
0.000000000000000000e+00
0.000000000000000000e+00
0.000000000000000000e+00
0.000000000000000000e+00
0.000000000000000000e+00
0.000000000000000000e+00
0.000000000000000000e+00
0.000000000000000000e+00
0.000000000000000000e+00
0.000000000000000000e+00
0.000000000000000000e+00
0.000000000000000000e+00
0.000000000000000000e+00
0.000000000000000000e+00
0.000000000000000000e+00
0.000000000000000000e+00
0.000000000000000000e+00
0.000000000000000000e+00
0.000000000000000000e+00
0.000000000000000000e+00
0.000000000000000000e+00
0.000000000000000000e+00
0.000000000000000000e+00
0.000000000000000000e+00
0.000000000000000000e+00
0.000000000000000000e+00
0.000000000000000000e+00
0.000000000000000000e+00
0.000000000000000000e+00
0.000000000000000000e+00
0.000000000000000000e+00
0.000000000000000000e+00
0.000000000000000000e+00
0.000000000000000000e+00
6.988966941354585692e-05
5.354268254341301020e-02
1.761888491248685962e-01
3.345268780824995347e-01
5.080675750441516758e-01
6.828668782277734772e-01
8.517381434787221206e-01
1.009491650690431230e+00
1.154599277297735371e+00
1.285655397975730807e+00
1.403338711577241993e+00
1.507769620780317288e+00
1.600320612117780872e+00
1.681637524611906853e+00
1.753159215409175076e+00
1.815633317600222618e+00
1.870333859532463228e+00
1.917946699304769353e+00
1.959520621094526405e+00
1.995629786222673285e+00
2.027105796324982112e+00
2.054408034108317072e+00
2.078182209964351657e+00
2.098786861177203811e+00
2.116717240011400047e+00
2.132280611126149861e+00
2.145759743879627202e+00
2.157482992152087942e+00
2.167633691186474199e+00
2.176460318026892882e+00
2.184101732830013187e+00
2.190745555516874443e+00
2.196496694594670007e+00
2.201496625176015964e+00
2.205824480959729161e+00
2.209586850914861511e+00
2.212843368099059127e+00
2.215674295262680005e+00
2.218124542837349722e+00
2.220254529568262747e+00
2.222098065162754654e+00
2.223700621109891973e+00
2.225087644125815167e+00
2.226293351860889835e+00
2.227336893798713024e+00
2.228244016891603341e+00
2.229029130399505565e+00
2.229711606539280577e+00
2.230302287095793368e+00
2.230815747417255857e+00
2.231260144756441299e+00
2.231646445154283231e+00
2.231980785906473308e+00
2.232271417419375403e+00
2.232523465969233456e+00
2.232741612355485739e+00
2.232931239777770305e+00
2.233095361035517090e+00
2.233238026172007284e+00
2.233361501865229748e+00
2.233468835152569110e+00
2.233561731363169489e+00
2.233642482922561179e+00
2.233712372828322579e+00
2.233773125775333934e+00
2.233825707020641538e+00
2.233871414129030342e+00
2.233910973306486358e+00
2.233945360768432309e+00
2.233975122871825647e+00
2.234000994066567269e+00
2.234023385401108008e+00
2.234042849434404676e+00
2.234059695416294566e+00
2.234074339061140613e+00
2.234087013031178515e+00
2.234098030086558051e+00
2.234107565269286333e+00
2.234115853882533198e+00
2.234123027618073909e+00
2.234129263504795126e+00
2.234134660620190171e+00
2.234139352150843916e+00
2.234143420850540185e+00
2.234146942281048265e+00
2.234150003341995205e+00
2.234152652668367711e+00
2.234154955638559148e+00
2.234156948842799917e+00
2.234158681468119134e+00
2.234160181042948778e+00
2.234161484572845691e+00
2.234162612768654466e+00
2.234163593471275355e+00
2.234164442262384753e+00
2.234165180087909430e+00
2.234165818670628134e+00
2.234166373769078451e+00
2.234166854202820129e+00
2.234167271827691259e+00
2.234167633279032117e+00
2.234167947476510374e+00
2.234168219412181244e+00
2.234168455796702535e+00
2.234168660385815297e+00
2.234168838228241416e+00
2.234168992149589528e+00
2.234169125948234136e+00
2.234169241750004531e+00
2.234169342412583248e+00
2.234169429535325602e+00
2.234169505268191802e+00
2.234169570947031058e+00
2.234169627791597446e+00
2.234169677204663973e+00
2.234169719971320411e+00
2.234169757146934110e+00
2.234169789322162369e+00
2.234169817291004723e+00
2.234169841497837705e+00
2.234169862540022589e+00
2.234169880751883053e+00
2.234169896582840042e+00
2.234169910284419913e+00
2.234169922194741975e+00
2.234169932503040634e+00
2.234169941463697739e+00
2.234169949219081630e+00
2.234169955960576548e+00
2.234169961795291925e+00
2.234169966867213475e+00
2.234169971256925180e+00
2.234169975072753722e+00
2.234169978375326160e+00
2.234169981246141301e+00
2.234169983730811104e+00
2.234169985890650967e+00
2.234169987759976550e+00
2.234169989384918953e+00
2.234169990791294858e+00
2.234169992013809836e+00
2.234169993074028415e+00
2.234169993991639291e+00
2.234169994789288349e+00
2.234169995479647230e+00
2.234169996079753417e+00
2.234169996599141061e+00
2.234169997050627021e+00
2.234169997441385114e+00
2.234169997781057404e+00
2.234169998075041796e+00
2.234169998330592488e+00
2.234169998551769787e+00
2.234169998742867147e+00
2.234169998909422805e+00
2.234169999053911670e+00
2.234169999179257182e+00
2.234169999287996422e+00
2.234169999384234107e+00
2.234169999465816403e+00
2.234169999536589568e+00
2.234169999597985790e+00
2.234169999651248517e+00
2.234169999697453779e+00
2.234169999737537715e+00
2.234169999772310788e+00
2.234169999802476880e+00
2.234169999828646613e+00
2.234169999851349342e+00
2.234169999871043366e+00
2.234169999888129254e+00
2.234169999902950732e+00
2.234169999915808447e+00
2.234169999926963079e+00
2.234169999936639783e+00
2.234169999945034402e+00
2.234169999952316576e+00
2.234169999958761643e+00
2.234169999964225273e+00
2.234169999968965037e+00
2.234169999973076859e+00
2.234169999976643783e+00
2.234169999979738197e+00
2.234169999982422716e+00
2.234169999984751520e+00
2.234169999986771682e+00
2.234169999988524502e+00
2.234169999990044619e+00
2.234169999991364008e+00
2.234169999992507982e+00
2.234169999993500966e+00
2.234169999994361611e+00
2.234169999995108569e+00
2.234169999995756939e+00
2.234169999996319156e+00
2.234169999996806766e+00
