0.000000000000000000e+00
0.000000000000000000e+00
0.000000000000000000e+00
0.000000000000000000e+00
0.000000000000000000e+00
0.000000000000000000e+00
0.000000000000000000e+00
0.000000000000000000e+00
0.000000000000000000e+00
0.000000000000000000e+00
0.000000000000000000e+00
0.000000000000000000e+00
0.000000000000000000e+00
0.000000000000000000e+00
0.000000000000000000e+00
0.000000000000000000e+00
0.000000000000000000e+00
0.000000000000000000e+00
0.000000000000000000e+00
0.000000000000000000e+00
0.000000000000000000e+00
0.000000000000000000e+00
0.000000000000000000e+00
0.000000000000000000e+00
0.000000000000000000e+00
0.000000000000000000e+00
0.000000000000000000e+00
0.000000000000000000e+00
0.000000000000000000e+00
0.000000000000000000e+00
0.000000000000000000e+00
0.000000000000000000e+00
0.000000000000000000e+00
0.000000000000000000e+00
0.000000000000000000e+00
0.000000000000000000e+00
0.000000000000000000e+00
0.000000000000000000e+00
0.000000000000000000e+00
0.000000000000000000e+00
0.000000000000000000e+00
0.000000000000000000e+00
0.000000000000000000e+00
0.000000000000000000e+00
0.000000000000000000e+00
0.000000000000000000e+00
0.000000000000000000e+00
0.000000000000000000e+00
0.000000000000000000e+00
0.000000000000000000e+00
0.000000000000000000e+00
0.000000000000000000e+00
0.000000000000000000e+00
0.000000000000000000e+00
0.000000000000000000e+00
0.000000000000000000e+00
0.000000000000000000e+00
0.000000000000000000e+00
0.000000000000000000e+00
0.000000000000000000e+00
0.000000000000000000e+00
0.000000000000000000e+00
0.000000000000000000e+00
0.000000000000000000e+00
0.000000000000000000e+00
0.000000000000000000e+00
0.000000000000000000e+00
0.000000000000000000e+00
1.304914928466935076e-01
4.118663289238988501e-01
6.551542625871669134e-01
8.663880291260407374e-01
1.048994723573610344e+00
1.207542248919042827e+00
1.344602909203407304e+00
1.463605274237382403e+00
1.566480060150447162e+00
1.655800677755958183e+00
1.733016281085911547e+00
1.800058416989279264e+00
1.858014789337378847e+00
1.908335175682404294e+00
1.951835983173325184e+00
1.989605383682318207e+00
2.022256154869245481e+00
2.050605055154462786e+00
2.075112022279694823e+00
2.096390097561557919e+00
2.114784500384046417e+00
2.130755366383977556e+00
2.144589720314953318e+00
2.156549198586569460e+00
2.166932967320368775e+00
2.175909494678925249e+00
2.183703328323416404e+00
2.190440916835965535e+00
2.196290800865091875e+00
2.201347889998915175e+00
2.205738687225954120e+00
2.209534429643260633e+00
2.212830067675224832e+00
2.215679070355872859e+00
2.218152705433085181e+00
2.220291105614649041e+00
2.222147762940443805e+00
2.223752800158406373e+00
2.225146367244022372e+00
2.226351073684497806e+00
2.227397055188532260e+00
2.228301281951301949e+00
2.229086373188082337e+00
2.229765066362650483e+00
2.230354338971861861e+00
2.230863751482274893e+00
2.231306046838150703e+00
2.231688400920215365e+00
2.232020378308560371e+00
2.232307365065035576e+00
2.232556540157897285e+00
2.232772381704964726e+00
2.232958971718863594e+00
2.233120977745243430e+00
2.233261028199498455e+00
2.233382626441079211e+00
2.233487745302090488e+00
2.233579014328841428e+00
2.233657914286710344e+00
2.233726418856643914e+00
2.233785639469309192e+00
2.233837057527205960e+00
2.233881507246307851e+00
2.233920100535492725e+00
2.233953463539341211e+00
2.233982430832759825e+00
2.234007472386413617e+00
2.234029214614290382e+00
2.234048010266271866e+00
2.234064329515234260e+00
2.234078437127656969e+00
2.234090686005196336e+00
2.234101274875881060e+00
2.234110468620110090e+00
2.234118416398870988e+00
2.234125317025698276e+00
2.234131282457623158e+00
2.234136461919812078e+00
2.234140939444805962e+00
2.234144827037808589e+00
2.234148194565751755e+00
2.234151105715594277e+00
2.234153633309694076e+00
2.234155818356199585e+00
2.234157715514007769e+00
2.234159355562953753e+00
2.234160779528831409e+00
2.234162010514322727e+00
2.234163079312506461e+00
2.234164003263760190e+00
2.234164805480706395e+00
2.234165498978659681e+00
2.234166101105458324e+00
2.234166621630117699e+00
2.234167073573551932e+00
2.234167464268173919e+00
2.234167803487202786e+00
2.234168096734189035e+00
2.234168351344701708e+00
2.234168571449587137e+00
2.234168762554765486e+00
2.234168927760762813e+00
2.234169071200202250e+00
2.234169195200272906e+00
2.234169302862833550e+00
2.234169395934621605e+00
2.234169476743825822e+00
2.234169546601509460e+00
2.234169607255161338e+00
2.234169659794835283e+00
2.234169705214164914e+00
2.234169744649315170e+00
2.234169778740088042e+00
2.234169808339264041e+00
2.234169833927065252e+00
2.234169856143570332e+00
2.234169875349224288e+00
2.234169892024456150e+00
2.234169906439806841e+00
2.234169918955877243e+00
2.234169929775729813e+00
2.234169939170023156e+00
2.234169947291172242e+00
2.234169954342326569e+00
2.234169960437886626e+00
2.234169965730331775e+00
2.234169970305527997e+00
2.234169974277923743e+00
2.234169977711967459e+00
2.234169980693562430e+00
2.234169983271081961e+00
2.234169985509002920e+00
2.234169987443633598e+00
2.234169989123369060e+00
2.234169990575461284e+00
2.234169991836234548e+00
2.234169992926143600e+00
2.234169993872453297e+00
2.234169994692169592e+00
2.234169995400795194e+00
2.234169996016056370e+00
2.234169996547935799e+00
2.234169997009737507e+00
2.234169997408954611e+00
2.234169997755573345e+00
2.234169998055217210e+00
2.234169998315381545e+00
2.234169998540287860e+00
2.234169998735561435e+00
2.234169998904371290e+00
2.234169999050052535e+00
2.234169999176875976e+00
2.234169999286767627e+00
2.234169999381988347e+00
2.234169999464496570e+00
2.234169999537432449e+00
2.234169999599187939e+00
2.234169999652698468e+00
2.234169999699065379e+00
2.234169999739241685e+00
2.234169999774054727e+00
2.234169999804219930e+00
2.234169999830357245e+00
2.234169999853005351e+00
2.234169999872630097e+00
2.234169999889634717e+00
2.234169999904369153e+00
2.234169999917136717e+00
2.234169999928198980e+00
2.234169999937785089e+00
2.234169999946091334e+00
2.234169999953288244e+00
2.234169999959524588e+00
2.234169999964928266e+00
2.234169999969705334e+00
2.234169999973749654e+00
2.234169999977254406e+00
2.234169999980291088e+00
2.234169999982921873e+00
2.234169999985202271e+00
2.234169999987177579e+00
2.234169999988889543e+00
2.234169999990373245e+00
2.234169999991658440e+00
2.234169999992771771e+00
2.234169999993736777e+00
2.234169999994572997e+00
2.234169999995297751e+00
2.234169999995925249e+00
2.234169999996469258e+00
2.234169999996940881e+00
2.234169999997348999e+00
2.234169999997703382e+00
