0.000000 -0.251070 
0.046052 0.025142 
0.092103 0.057607 
0.138160 -0.148430 
0.184210 0.177350 
0.230260 0.049328 
0.276310 -0.141550 
0.322360 -0.146040 
0.368410 -0.030475 
0.414470 0.190780 
0.460520 0.002733 
0.506570 -0.094912 
0.552620 -0.109490 
0.598670 -0.099856 
0.644720 -0.079485 
0.690780 0.089220 
0.736830 0.051173 
0.782880 -0.090805 
0.828930 -0.053944 
0.874980 0.041444 
0.921030 -0.014795 
0.967090 -0.132280 
1.013100 -0.027506 
1.059200 -0.020941 
1.105200 -0.001063 
1.151300 0.111180 
1.197300 0.228330 
1.243400 0.080108 
1.289400 0.073417 
1.335500 0.106320 
1.381600 -0.141550 
1.427600 0.087340 
1.473700 -0.025085 
1.519700 0.016169 
1.565800 -0.155630 
1.611800 0.163070 
1.657900 -0.003799 
1.703900 -0.038589 
1.750000 0.006142 
1.796000 0.110830 
1.842100 0.077901 
1.888100 0.118160 
1.934200 0.118490 
1.980200 0.019160 
2.026300 -0.016722 
2.072300 0.090111 
2.118400 -0.032479 
2.164400 -0.033415 
2.210500 0.071734 
2.256500 0.063293 
2.302600 0.037254 
2.348600 -0.026656 
2.394700 -0.074057 
2.440700 -0.017364 
2.486800 0.077703 
2.532800 -0.273160 
2.578900 -0.155070 
2.624900 0.131760 
2.671000 -0.043865 
2.717100 -0.075902 
2.763100 0.102840 
2.809200 -0.154580 
2.855200 -0.072451 
2.901300 0.022901 
2.947300 -0.052098 
2.993400 0.038190 
3.039400 0.197890 
3.085500 0.259760 
3.131500 0.252110 
3.177600 0.540730 
3.223600 0.546190 
3.269700 0.761240 
3.315700 0.804320 
3.361800 1.040000 
3.407800 1.162700 
3.453900 1.176200 
3.499900 1.260600 
3.546000 1.402500 
3.592000 1.325800 
3.638100 1.555600 
3.684100 1.446500 
3.730200 1.576600 
3.776200 1.568000 
3.822300 1.552300 
3.868300 1.639300 
3.914400 1.725000 
3.960400 1.665700 
4.006500 1.624700 
4.052500 1.763600 
4.098600 1.769000 
4.144700 1.746100 
4.190700 1.730100 
4.236800 1.833000 
4.282800 1.896400 
4.328900 2.141000 
4.374900 1.981200 
4.421000 2.098400 
4.467000 1.872200 
4.513100 1.920900 
4.559100 1.967500 
4.605200 1.837500 
4.651200 1.797800 
4.697300 1.793700 
4.743300 1.812900 
4.789400 1.894900 
4.835400 1.892800 
4.881500 2.011100 
4.927500 1.946100 
4.973600 1.840800 
5.019600 1.828000 
5.065700 2.003200 
5.111700 1.817700 
5.157800 1.972600 
5.203800 2.068600 
5.249900 1.888700 
5.295900 2.081800 
5.342000 2.030500 
5.388000 1.936200 
5.434100 1.947900 
5.480200 2.104000 
5.526200 1.955400 
5.572300 1.809700 
5.618300 1.782500 
5.664400 2.041200 
5.710400 2.003200 
5.756500 1.914300 
5.802500 1.965700 
5.848600 1.968900 
5.894600 2.084000 
5.940700 2.102600 
5.986700 1.983300 
6.032800 1.899100 
6.078800 2.015000 
6.124900 2.157400 
6.170900 1.996600 
6.217000 1.985000 
6.263000 1.986300 
6.309100 1.860600 
6.355100 2.000600 
6.401200 2.031500 
6.447200 1.704600 
6.493300 1.834800 
6.539300 2.029900 
6.585400 1.979800 
6.631400 1.978500 
6.677500 2.005900 
6.723500 1.882500 
6.769600 2.008200 
6.815700 2.073500 
6.861700 1.877800 
6.907800 2.037200 
6.953800 1.932100 
6.999900 2.061400 
7.045900 2.068500 
7.092000 2.122900 
7.138000 2.063800 
7.184100 1.979300 
7.230100 2.058900 
7.276200 2.038300 
7.322200 1.991000 
7.368300 2.090700 
7.414300 2.096100 
7.460400 1.909800 
7.506400 2.019900 
7.552500 2.000000 
7.598500 2.170100 
7.644600 1.888800 
7.690600 1.942900 
7.736700 1.811400 
7.782700 1.823800 
7.828800 2.233700 
7.874800 2.013500 
7.920900 2.135500 
7.966900 1.945100 
8.013000 2.005100 
8.059000 1.880900 
8.105100 1.773600 
8.151200 2.201700 
8.197200 2.012700 
8.243300 1.922400 
8.289300 1.992300 
8.335400 2.171400 
8.381400 2.009600 
8.427500 2.166600 
8.473500 1.977600 
8.519600 1.921500 
8.565600 2.147200 
8.611700 1.799700 
8.657700 2.082200 
8.703800 2.144300 
8.749800 1.993400 
8.795900 2.081900 
8.841900 2.181900 
8.888000 1.974700 
8.934000 2.009600 
8.980100 2.008400 
9.026100 1.942300 
9.072200 2.247400 
9.118200 1.984600 
9.164300 2.146700 
9.210300 1.994000 
9.256400 1.983800 
9.302400 2.036200 
9.348500 2.064900 
9.394500 1.904200 
9.440600 2.112000 
9.486700 2.058200 
9.532700 1.987400 
9.578800 2.065400 
9.624800 1.958100 
9.670900 2.071900 
9.716900 1.839100 
9.763000 2.018900 
9.809000 2.015900 
9.855100 2.063700 
9.901100 2.153800 
9.947200 1.963100 
9.993200 2.095000 
10.039000 1.976700 
10.085000 1.963500 
10.131000 1.968700 
10.177000 2.026200 
10.223000 1.846200 
10.270000 1.958400 
10.316000 1.953400 
10.362000 1.807100 
10.408000 2.123200 
10.454000 1.941600 
10.500000 1.950800 
10.546000 2.173800 
10.592000 2.028800 
10.638000 1.971300 
10.684000 1.941700 
10.730000 2.161300 
10.776000 1.878500 
10.822000 1.977600 
10.868000 2.014200 
10.914000 1.920600 
10.960000 2.021100 
11.006000 1.918700 
11.052000 2.034100 
11.098000 1.990400 
11.145000 2.078800 
11.191000 2.009300 
11.237000 1.901500 
11.283000 1.985900 
11.329000 1.980700 
11.375000 2.141300 
11.421000 2.037000 
11.467000 1.980100 
11.513000 1.939900 
11.559000 2.010900 
11.605000 1.883100 
11.651000 1.798300 
11.697000 2.073300 
11.743000 1.992700 
11.789000 2.204700 
11.835000 2.197200 
11.881000 2.114200 
11.927000 1.954200 
11.973000 1.983100 
