0.000000 -0.000076 
0.009210 0.000131 
0.018421 0.000075 
0.027631 0.000139 
0.036841 0.000053 
0.046052 0.000134 
0.055262 0.000060 
0.064472 -0.000022 
0.073683 -0.000049 
0.082893 0.000062 
0.092103 0.000077 
0.101310 0.000089 
0.110520 -0.000124 
0.119730 -0.000095 
0.128940 0.000162 
0.138160 0.000038 
0.147370 0.000036 
0.156580 0.000023 
0.165790 0.000137 
0.175000 0.000125 
0.184210 0.000071 
0.193420 0.000017 
0.202630 -0.000044 
0.211840 -0.000026 
0.221050 -0.000083 
0.230260 -0.000171 
0.239470 0.000129 
0.248680 0.000034 
0.257890 -0.000091 
0.267100 -0.000018 
0.276310 0.000182 
0.285520 0.000016 
0.294730 0.000323 
0.303940 0.000048 
0.313150 0.000073 
0.322360 0.000131 
0.331570 0.000098 
0.340780 0.000017 
0.349990 0.000045 
0.359200 -0.000208 
0.368410 0.000012 
0.377620 0.000084 
0.386830 -0.000022 
0.396040 -0.000043 
0.405250 -0.000170 
0.414470 0.000065 
0.423680 -0.000020 
0.432890 0.000172 
0.442100 0.000008 
0.451310 -0.000014 
0.460520 -0.000203 
0.469730 -0.000066 
0.478940 0.000034 
0.488150 -0.000096 
0.497360 0.000039 
0.506570 0.000067 
0.515780 -0.000063 
0.524990 0.000068 
0.534200 0.000160 
0.543410 0.000044 
0.552620 -0.000029 
0.561830 -0.000087 
0.571040 0.000072 
0.580250 -0.000078 
0.589460 -0.000057 
0.598670 -0.000032 
0.607880 0.000065 
0.617090 -0.000157 
0.626300 0.000052 
0.635510 0.000078 
0.644720 -0.000055 
0.653930 -0.000099 
0.663140 0.000070 
0.672350 -0.000180 
0.681570 -0.000065 
0.690780 0.000069 
0.699990 -0.000038 
0.709200 0.000021 
0.718410 0.000110 
0.727620 0.000020 
0.736830 0.000027 
0.746040 -0.000023 
0.755250 0.000157 
0.764460 0.000143 
0.773670 -0.000124 
0.782880 -0.000066 
0.792090 0.000019 
0.801300 0.000004 
0.810510 0.000251 
0.819720 0.000071 
0.828930 -0.000082 
0.838140 -0.000164 
0.847350 0.000104 
0.856560 0.000022 
0.865770 0.000095 
0.874980 -0.000067 
0.884190 -0.000071 
0.893400 0.000086 
0.902610 -0.000051 
0.911820 0.000010 
0.921030 -0.000060 
0.930240 0.000149 
0.939450 0.000013 
0.948670 -0.000071 
0.957880 0.000015 
0.967090 -0.000114 
0.976300 0.000067 
0.985510 0.000088 
0.994720 0.000042 
1.003900 -0.000040 
1.013100 0.000217 
1.022300 0.000023 
1.031600 -0.000085 
1.040800 -0.000101 
1.050000 0.000059 
1.059200 0.000029 
1.068400 -0.000205 
1.077600 0.000017 
1.086800 0.000134 
1.096000 0.000129 
1.105200 0.000212 
1.114500 0.000097 
1.123700 0.000019 
1.132900 0.000059 
1.142100 0.000212 
1.151300 0.000094 
1.160500 -0.000062 
1.169700 -0.000186 
1.178900 -0.000049 
1.188100 0.000104 
1.197300 -0.000221 
1.206600 -0.000159 
1.215800 -0.000083 
1.225000 0.000064 
1.234200 0.000106 
1.243400 0.000101 
1.252600 0.000038 
1.261800 -0.000154 
1.271000 0.000179 
1.280200 0.000102 
1.289400 0.000098 
1.298700 0.000061 
1.307900 0.000066 
1.317100 0.000040 
1.326300 0.000104 
1.335500 -0.000030 
1.344700 0.000080 
1.353900 0.000166 
1.363100 -0.000142 
1.372300 -0.000045 
1.381600 -0.000043 
1.390800 -0.000119 
1.400000 -0.000040 
1.409200 -0.000029 
1.418400 -0.000005 
1.427600 0.000017 
1.436800 0.000266 
1.446000 0.000145 
1.455200 0.000003 
1.464400 -0.000034 
1.473700 0.000093 
1.482900 -0.000146 
1.492100 -0.000107 
1.501300 -0.000065 
1.510500 0.000048 
1.519700 0.000012 
1.528900 0.000016 
1.538100 -0.000050 
1.547300 -0.000079 
1.556500 -0.000117 
1.565800 -0.000132 
1.575000 0.000120 
1.584200 0.000137 
1.593400 0.000106 
1.602600 -0.000069 
1.611800 0.000040 
1.621000 -0.000099 
1.630200 -0.000025 
1.639400 -0.000051 
1.648700 -0.000020 
1.657900 -0.000135 
1.667100 -0.000037 
1.676300 -0.000007 
1.685500 -0.000084 
1.694700 0.000146 
1.703900 -0.000161 
1.713100 -0.000178 
1.722300 0.000157 
1.731500 0.000047 
1.740800 -0.000068 
1.750000 0.000004 
1.759200 0.000025 
1.768400 0.000040 
1.777600 0.000026 
1.786800 0.000006 
1.796000 0.000043 
1.805200 -0.000096 
1.814400 -0.000075 
1.823600 0.000029 
1.832900 0.000030 
1.842100 0.000005 
1.851300 0.000174 
1.860500 0.000104 
1.869700 0.000094 
1.878900 0.000080 
1.888100 -0.000121 
1.897300 0.000129 
1.906500 -0.000078 
1.915800 0.000023 
1.925000 -0.000008 
1.934200 -0.000147 
1.943400 -0.000107 
1.952600 0.000048 
1.961800 0.000082 
1.971000 0.000096 
1.980200 0.000137 
1.989400 0.000114 
1.998600 -0.000035 
2.007900 -0.000055 
2.017100 0.000241 
2.026300 -0.000019 
2.035500 -0.000119 
2.044700 -0.000212 
2.053900 0.000061 
2.063100 0.000112 
2.072300 0.000068 
2.081500 -0.000004 
2.090700 -0.000069 
2.100000 -0.000012 
2.109200 0.000101 
2.118400 0.000150 
2.127600 0.000080 
2.136800 0.000092 
2.146000 -0.000010 
2.155200 0.000006 
2.164400 -0.000051 
2.173600 -0.000005 
2.182900 0.000046 
2.192100 0.000180 
2.201300 0.000062 
2.210500 0.000157 
2.219700 -0.000062 
2.228900 0.000078 
2.238100 0.000131 
2.247300 0.000080 
2.256500 0.000083 
2.265700 0.000013 
2.275000 -0.000172 
2.284200 0.000023 
2.293400 -0.000104 
2.302600 0.000008 
2.311800 0.000066 
2.321000 -0.000075 
2.330200 0.000090 
2.339400 0.000055 
2.348600 -0.000095 
2.357800 0.000080 
2.367100 -0.000065 
2.376300 -0.000196 
2.385500 -0.000046 
2.394700 0.000014 
2.403900 -0.000034 
2.413100 0.000005 
2.422300 0.000130 
2.431500 -0.000017 
2.440700 -0.000010 
2.450000 -0.000021 
2.459200 -0.000109 
2.468400 -0.000007 
2.477600 0.000082 
2.486800 -0.000034 
2.496000 -0.000075 
2.505200 -0.000044 
2.514400 0.000068 
2.523600 -0.000007 
2.532800 0.000058 
2.542100 -0.000038 
2.551300 -0.000037 
2.560500 0.000011 
2.569700 0.000025 
2.578900 0.000010 
2.588100 -0.000096 
2.597300 0.000026 
2.606500 -0.000015 
2.615700 -0.000082 
2.624900 0.000121 
2.634200 -0.000140 
2.643400 -0.000087 
2.652600 0.000103 
2.661800 0.000060 
2.671000 0.000005 
2.680200 -0.000002 
2.689400 0.000084 
2.698600 0.000163 
2.707800 -0.000014 
2.717100 0.000110 
2.726300 0.000035 
2.735500 -0.000146 
2.744700 -0.000021 
2.753900 -0.000035 
2.763100 -0.000077 
2.772300 -0.000011 
2.781500 0.000006 
2.790700 0.000116 
2.799900 -0.000078 
2.809200 0.000039 
2.818400 -0.000132 
2.827600 0.000072 
2.836800 0.000010 
2.846000 -0.000070 
2.855200 -0.000075 
2.864400 0.000127 
2.873600 0.000113 
2.882800 0.000125 
2.892000 -0.000047 
2.901300 0.000067 
2.910500 -0.000010 
2.919700 0.000057 
2.928900 0.000079 
2.938100 0.000209 
2.947300 0.000001 
2.956500 -0.000019 
2.965700 -0.000107 
2.974900 -0.000026 
2.984200 0.000069 
2.993400 -0.000050 
3.002600 0.000017 
3.011800 -0.000255 
3.021000 -0.000168 
3.030200 0.000043 
3.039400 0.000138 
3.048600 -0.000066 
3.057800 0.000036 
3.067000 -0.000226 
3.076300 -0.000162 
3.085500 0.000071 
3.094700 0.000050 
3.103900 0.000197 
3.113100 0.000171 
3.122300 -0.000101 
3.131500 -0.000071 
3.140700 0.000060 
3.149900 0.000006 
3.159100 0.000045 
3.168400 0.000041 
3.177600 0.000015 
3.186800 0.000045 
3.196000 0.000057 
3.205200 0.000083 
3.214400 -0.000107 
3.223600 -0.000043 
3.232800 0.000082 
3.242000 0.000087 
3.251300 0.000075 
3.260500 -0.000127 
3.269700 0.000068 
3.278900 -0.000010 
3.288100 0.000020 
3.297300 0.000073 
3.306500 0.000043 
3.315700 -0.000062 
3.324900 0.000138 
3.334100 -0.000138 
3.343400 -0.000097 
3.352600 -0.000017 
3.361800 0.000063 
3.371000 -0.000185 
3.380200 -0.000245 
3.389400 0.000157 
3.398600 -0.000033 
3.407800 -0.000089 
3.417000 0.000163 
3.426200 0.000190 
3.435500 0.000082 
3.444700 0.000084 
3.453900 0.000050 
3.463100 0.000058 
3.472300 -0.000032 
3.481500 -0.000001 
3.490700 -0.000013 
3.499900 0.000017 
3.509100 0.000047 
3.518400 0.000003 
3.527600 -0.000083 
3.536800 -0.000028 
3.546000 -0.000028 
3.555200 -0.000082 
3.564400 -0.000016 
3.573600 -0.000046 
3.582800 -0.000099 
3.592000 0.000141 
3.601200 0.000010 
3.610500 -0.000186 
3.619700 0.000030 
3.628900 -0.000007 
3.638100 0.000042 
3.647300 0.000075 
3.656500 -0.000112 
3.665700 0.000202 
3.674900 0.000049 
3.684100 -0.000122 
3.693300 -0.000072 
3.702600 -0.000021 
3.711800 0.000113 
3.721000 0.000144 
3.730200 0.000021 
3.739400 0.000043 
3.748600 -0.000104 
3.757800 0.000033 
3.767000 -0.000256 
3.776200 0.000015 
3.785400 0.000133 
3.794700 -0.000113 
3.803900 -0.000010 
3.813100 -0.000082 
3.822300 0.000025 
3.831500 -0.000014 
3.840700 -0.000070 
3.849900 0.000210 
3.859100 -0.000050 
3.868300 -0.000200 
3.877600 -0.000034 
3.886800 -0.000091 
3.896000 -0.000088 
3.905200 0.000145 
3.914400 -0.000170 
3.923600 -0.000055 
3.932800 -0.000074 
3.942000 -0.000266 
3.951200 0.000110 
3.960400 0.000191 
3.969700 0.000021 
3.978900 -0.000073 
3.988100 0.000086 
3.997300 0.000019 
4.006500 -0.000011 
4.015700 0.000100 
4.024900 -0.000207 
4.034100 0.000083 
4.043300 0.000129 
4.052500 0.000068 
4.061800 0.000152 
4.071000 0.000016 
4.080200 0.000127 
4.089400 -0.000037 
4.098600 -0.000008 
4.107800 0.000166 
4.117000 0.000051 
4.126200 0.000030 
4.135400 0.000078 
4.144700 0.000045 
4.153900 0.000105 
4.163100 -0.000070 
4.172300 -0.000050 
4.181500 -0.000225 
4.190700 0.000229 
4.199900 0.000126 
4.209100 0.000154 
4.218300 0.000048 
4.227500 0.000162 
4.236800 0.000296 
4.246000 0.000587 
4.255200 0.000280 
4.264400 0.000325 
4.273600 0.000362 
4.282800 0.000290 
4.292000 0.000405 
4.301200 0.000329 
4.310400 0.000458 
4.319600 0.000407 
4.328900 0.000375 
4.338100 0.000507 
4.347300 0.000817 
4.356500 0.000792 
4.365700 0.000691 
4.374900 0.000623 
4.384100 0.000577 
4.393300 0.000743 
4.402500 0.000822 
4.411800 0.000823 
4.421000 0.000975 
4.430200 0.001105 
4.439400 0.001057 
4.448600 0.001132 
4.457800 0.001123 
4.467000 0.000978 
4.476200 0.001197 
4.485400 0.001249 
4.494600 0.001087 
4.503900 0.001303 
4.513100 0.001430 
4.522300 0.001160 
4.531500 0.001395 
4.540700 0.001465 
4.549900 0.001569 
4.559100 0.001728 
4.568300 0.001585 
4.577500 0.001609 
4.586700 0.001655 
4.596000 0.001784 
4.605200 0.001485 
4.614400 0.001677 
4.623600 0.001903 
4.632800 0.001865 
4.642000 0.001906 
4.651200 0.001975 
4.660400 0.001907 
4.669600 0.001724 
4.678900 0.002180 
4.688100 0.001945 
4.697300 0.001905 
4.706500 0.001987 
4.715700 0.002097 
4.724900 0.002073 
4.734100 0.002146 
4.743300 0.002155 
4.752500 0.002171 
4.761700 0.002295 
4.771000 0.002207 
4.780200 0.002329 
4.789400 0.002201 
4.798600 0.002212 
4.807800 0.002263 
4.817000 0.002328 
4.826200 0.002321 
4.835400 0.002358 
4.844600 0.002261 
4.853800 0.002501 
4.863100 0.002433 
4.872300 0.002182 
4.881500 0.002232 
4.890700 0.002161 
4.899900 0.002313 
4.909100 0.002247 
4.918300 0.002310 
4.927500 0.002555 
4.936700 0.002420 
4.946000 0.002456 
4.955200 0.002297 
4.964400 0.002459 
4.973600 0.002489 
4.982800 0.002305 
4.992000 0.002326 
5.001200 0.002322 
5.010400 0.002455 
5.019600 0.002277 
5.028800 0.002378 
5.038100 0.002331 
5.047300 0.002552 
5.056500 0.002366 
5.065700 0.002402 
5.074900 0.002203 
5.084100 0.002437 
5.093300 0.002245 
5.102500 0.002330 
5.111700 0.002164 
5.120900 0.002263 
5.130200 0.002202 
5.139400 0.002188 
5.148600 0.002255 
5.157800 0.002275 
5.167000 0.002415 
5.176200 0.002124 
5.185400 0.002070 
5.194600 0.002123 
5.203800 0.002153 
5.213100 0.002223 
5.222300 0.002162 
5.231500 0.002537 
5.240700 0.002187 
5.249900 0.002227 
5.259100 0.002118 
5.268300 0.002213 
5.277500 0.002140 
5.286700 0.001969 
5.295900 0.002075 
5.305200 0.002355 
5.314400 0.002155 
5.323600 0.002240 
5.332800 0.002166 
5.342000 0.001962 
5.351200 0.002206 
5.360400 0.002155 
5.369600 0.001934 
5.378800 0.001979 
5.388000 0.001995 
5.397300 0.001934 
5.406500 0.002047 
5.415700 0.002138 
5.424900 0.002105 
5.434100 0.001829 
5.443300 0.001972 
5.452500 0.001825 
5.461700 0.002192 
5.470900 0.001950 
5.480200 0.002051 
5.489400 0.002020 
5.498600 0.002085 
5.507800 0.002053 
5.517000 0.001878 
5.526200 0.001965 
5.535400 0.001984 
5.544600 0.001782 
5.553800 0.002115 
5.563000 0.001886 
5.572300 0.002021 
5.581500 0.002047 
5.590700 0.001959 
5.599900 0.001968 
5.609100 0.002083 
5.618300 0.002064 
5.627500 0.001850 
5.636700 0.001839 
5.645900 0.002194 
5.655100 0.001868 
5.664400 0.001822 
5.673600 0.001879 
5.682800 0.001915 
5.692000 0.001955 
5.701200 0.001884 
5.710400 0.001935 
5.719600 0.001914 
5.728800 0.002001 
5.738000 0.002112 
5.747300 0.001822 
5.756500 0.001931 
5.765700 0.002003 
5.774900 0.001963 
5.784100 0.001964 
5.793300 0.002009 
5.802500 0.001971 
5.811700 0.001821 
5.820900 0.001778 
5.830100 0.001904 
5.839400 0.002081 
5.848600 0.001882 
5.857800 0.001935 
5.867000 0.001881 
5.876200 0.001786 
5.885400 0.002048 
5.894600 0.002015 
5.903800 0.001927 
5.913000 0.001881 
5.922200 0.002039 
5.931500 0.001806 
5.940700 0.001911 
5.949900 0.002002 
5.959100 0.001871 
5.968300 0.001937 
5.977500 0.002049 
5.986700 0.002065 
5.995900 0.002004 
6.005100 0.001932 
6.014400 0.001974 
6.023600 0.001871 
6.032800 0.002157 
6.042000 0.001942 
6.051200 0.001920 
6.060400 0.002037 
6.069600 0.001953 
6.078800 0.002043 
6.088000 0.001918 
6.097200 0.002102 
6.106500 0.002036 
6.115700 0.001996 
6.124900 0.001942 
6.134100 0.001770 
6.143300 0.001851 
6.152500 0.002034 
6.161700 0.001901 
6.170900 0.001765 
6.180100 0.002051 
6.189300 0.001941 
6.198600 0.002099 
6.207800 0.002077 
6.217000 0.001975 
6.226200 0.001935 
6.235400 0.001912 
6.244600 0.002099 
6.253800 0.002012 
6.263000 0.002124 
6.272200 0.002052 
6.281500 0.002132 
6.290700 0.002059 
6.299900 0.002075 
6.309100 0.002105 
6.318300 0.001722 
6.327500 0.001964 
6.336700 0.001972 
6.345900 0.001889 
6.355100 0.002001 
6.364300 0.001947 
6.373600 0.002137 
6.382800 0.001962 
6.392000 0.001840 
6.401200 0.002180 
6.410400 0.001981 
6.419600 0.001879 
6.428800 0.001866 
6.438000 0.001999 
6.447200 0.002066 
6.456400 0.001880 
6.465700 0.002004 
6.474900 0.002048 
6.484100 0.002207 
6.493300 0.001963 
6.502500 0.001958 
6.511700 0.002006 
6.520900 0.002233 
6.530100 0.001966 
6.539300 0.001947 
6.548600 0.002031 
6.557800 0.002043 
6.567000 0.002113 
6.576200 0.002030 
6.585400 0.002128 
6.594600 0.002011 
6.603800 0.002081 
6.613000 0.002083 
6.622200 0.002006 
6.631400 0.002171 
6.640700 0.002119 
6.649900 0.001955 
6.659100 0.002120 
6.668300 0.002097 
6.677500 0.001909 
6.686700 0.002133 
6.695900 0.001870 
6.705100 0.002002 
6.714300 0.001959 
6.723500 0.002006 
6.732800 0.001959 
6.742000 0.001953 
6.751200 0.002101 
6.760400 0.002019 
6.769600 0.002081 
6.778800 0.002087 
6.788000 0.002133 
6.797200 0.001952 
6.806400 0.001944 
6.815700 0.002043 
6.824900 0.002041 
6.834100 0.002163 
6.843300 0.002052 
6.852500 0.002026 
6.861700 0.002021 
6.870900 0.001905 
6.880100 0.001994 
6.889300 0.002073 
6.898500 0.002054 
6.907800 0.001975 
6.917000 0.002181 
6.926200 0.001819 
6.935400 0.001930 
6.944600 0.002011 
6.953800 0.002122 
6.963000 0.002066 
6.972200 0.001937 
6.981400 0.002058 
6.990600 0.002022 
6.999900 0.001774 
7.009100 0.001934 
7.018300 0.002002 
7.027500 0.002006 
7.036700 0.001841 
7.045900 0.002026 
7.055100 0.001947 
7.064300 0.001829 
7.073500 0.001992 
7.082800 0.001946 
7.092000 0.001960 
7.101200 0.002059 
7.110400 0.002029 
7.119600 0.002009 
7.128800 0.001996 
7.138000 0.001800 
7.147200 0.002145 
7.156400 0.001962 
7.165600 0.002069 
7.174900 0.002074 
7.184100 0.002053 
7.193300 0.002054 
7.202500 0.001979 
7.211700 0.002152 
7.220900 0.001807 
7.230100 0.001967 
7.239300 0.002064 
7.248500 0.002021 
7.257700 0.002149 
7.267000 0.001975 
7.276200 0.002130 
7.285400 0.001891 
7.294600 0.001879 
7.303800 0.002055 
7.313000 0.001922 
7.322200 0.001908 
7.331400 0.001928 
7.340600 0.002011 
7.349900 0.001898 
7.359100 0.002021 
7.368300 0.002017 
7.377500 0.002020 
7.386700 0.002013 
7.395900 0.001948 
7.405100 0.002004 
7.414300 0.001964 
7.423500 0.001852 
7.432700 0.002215 
7.442000 0.001987 
7.451200 0.002006 
7.460400 0.002067 
7.469600 0.002051 
7.478800 0.002053 
7.488000 0.002148 
7.497200 0.002048 
7.506400 0.002076 
7.515600 0.001921 
7.524800 0.002072 
7.534100 0.001983 
7.543300 0.002073 
7.552500 0.002011 
7.561700 0.001872 
7.570900 0.002065 
7.580100 0.002117 
7.589300 0.002041 
7.598500 0.001860 
7.607700 0.001865 
7.617000 0.002100 
7.626200 0.002073 
7.635400 0.001927 
7.644600 0.002015 
7.653800 0.001970 
7.663000 0.001890 
7.672200 0.002132 
7.681400 0.001955 
7.690600 0.001988 
7.699800 0.001893 
7.709100 0.001902 
7.718300 0.002007 
7.727500 0.001887 
7.736700 0.001925 
7.745900 0.002247 
7.755100 0.002102 
7.764300 0.001741 
7.773500 0.001902 
7.782700 0.002134 
7.791900 0.001921 
7.801200 0.001936 
7.810400 0.002075 
7.819600 0.002063 
7.828800 0.002030 
7.838000 0.001993 
7.847200 0.002062 
7.856400 0.002025 
7.865600 0.002026 
7.874800 0.002029 
7.884100 0.001949 
7.893300 0.001943 
7.902500 0.001995 
7.911700 0.002001 
7.920900 0.001884 
7.930100 0.002021 
7.939300 0.001877 
7.948500 0.001861 
7.957700 0.001913 
7.966900 0.002087 
7.976200 0.001986 
7.985400 0.001893 
7.994600 0.001999 
8.003800 0.002051 
8.013000 0.001974 
8.022200 0.002164 
8.031400 0.002043 
8.040600 0.001933 
8.049800 0.001993 
8.059000 0.002044 
8.068300 0.002077 
8.077500 0.001957 
8.086700 0.001946 
8.095900 0.001876 
8.105100 0.001935 
8.114300 0.002009 
8.123500 0.001983 
8.132700 0.001923 
8.141900 0.002079 
8.151200 0.002280 
8.160400 0.001931 
8.169600 0.001925 
8.178800 0.001987 
8.188000 0.001965 
8.197200 0.001882 
8.206400 0.002061 
8.215600 0.002143 
8.224800 0.001911 
8.234000 0.001896 
8.243300 0.002079 
8.252500 0.001932 
8.261700 0.002018 
8.270900 0.002080 
8.280100 0.002214 
8.289300 0.002135 
8.298500 0.001862 
8.307700 0.002075 
8.316900 0.001986 
8.326100 0.001945 
8.335400 0.002158 
8.344600 0.001986 
8.353800 0.001884 
8.363000 0.001985 
8.372200 0.001934 
8.381400 0.001720 
8.390600 0.001876 
8.399800 0.002023 
8.409000 0.002108 
8.418300 0.002082 
8.427500 0.002004 
8.436700 0.001829 
8.445900 0.002046 
8.455100 0.001956 
8.464300 0.002053 
8.473500 0.002081 
8.482700 0.001974 
8.491900 0.002174 
8.501100 0.002015 
8.510400 0.002122 
8.519600 0.002079 
8.528800 0.001848 
8.538000 0.001991 
8.547200 0.001974 
8.556400 0.002149 
8.565600 0.001800 
8.574800 0.002124 
8.584000 0.001980 
8.593200 0.002052 
8.602500 0.002095 
8.611700 0.002201 
8.620900 0.002154 
8.630100 0.002166 
8.639300 0.002194 
8.648500 0.001992 
8.657700 0.002054 
8.666900 0.001963 
8.676100 0.002074 
8.685400 0.001942 
8.694600 0.001934 
8.703800 0.002182 
8.713000 0.002127 
8.722200 0.002178 
8.731400 0.001950 
8.740600 0.002134 
8.749800 0.002008 
8.759000 0.002015 
8.768200 0.002131 
8.777500 0.002003 
8.786700 0.001996 
8.795900 0.001954 
8.805100 0.002041 
8.814300 0.002210 
8.823500 0.001974 
8.832700 0.002086 
8.841900 0.002031 
8.851100 0.001991 
8.860300 0.001943 
8.869600 0.001955 
8.878800 0.001770 
8.888000 0.001959 
8.897200 0.001919 
8.906400 0.002158 
8.915600 0.001932 
8.924800 0.002038 
8.934000 0.001964 
8.943200 0.002030 
8.952500 0.001891 
8.961700 0.001927 
8.970900 0.001969 
8.980100 0.001918 
8.989300 0.001876 
8.998500 0.001983 
9.007700 0.002077 
9.016900 0.001960 
9.026100 0.001906 
9.035300 0.001868 
9.044600 0.001902 
9.053800 0.002004 
9.063000 0.001999 
9.072200 0.002008 
9.081400 0.001995 
9.090600 0.001970 
9.099800 0.002068 
9.109000 0.001986 
9.118200 0.002014 
9.127400 0.001966 
9.136700 0.001992 
9.145900 0.001974 
9.155100 0.001865 
9.164300 0.001924 
9.173500 0.001884 
9.182700 0.001990 
9.191900 0.002015 
9.201100 0.002016 
9.210300 0.001859 
9.219600 0.002144 
9.228800 0.002080 
9.238000 0.002017 
9.247200 0.002139 
9.256400 0.001945 
9.265600 0.001911 
9.274800 0.002030 
9.284000 0.002056 
9.293200 0.002015 
9.302400 0.002073 
9.311700 0.002052 
9.320900 0.002037 
9.330100 0.002013 
9.339300 0.001920 
9.348500 0.001847 
9.357700 0.002024 
9.366900 0.001982 
9.376100 0.002113 
9.385300 0.001933 
9.394500 0.002007 
9.403800 0.001923 
9.413000 0.001807 
9.422200 0.002082 
9.431400 0.001878 
9.440600 0.002063 
9.449800 0.001906 
9.459000 0.001783 
9.468200 0.001961 
9.477400 0.002211 
9.486700 0.001982 
9.495900 0.002148 
9.505100 0.002082 
9.514300 0.002080 
9.523500 0.002165 
9.532700 0.001961 
9.541900 0.001954 
9.551100 0.002083 
9.560300 0.001969 
9.569500 0.001961 
9.578800 0.002046 
9.588000 0.002013 
9.597200 0.002128 
9.606400 0.001980 
9.615600 0.002029 
9.624800 0.002082 
9.634000 0.002009 
9.643200 0.001831 
9.652400 0.002111 
9.661600 0.001982 
9.670900 0.001983 
9.680100 0.001860 
9.689300 0.001855 
9.698500 0.001928 
9.707700 0.002023 
9.716900 0.002027 
9.726100 0.001943 
9.735300 0.002043 
9.744500 0.001921 
9.753800 0.002029 
9.763000 0.001994 
9.772200 0.001902 
9.781400 0.002118 
9.790600 0.002017 
9.799800 0.002018 
9.809000 0.002047 
9.818200 0.002205 
9.827400 0.001936 
9.836600 0.001855 
9.845900 0.001937 
9.855100 0.001889 
9.864300 0.001911 
9.873500 0.002171 
9.882700 0.001948 
9.891900 0.001975 
9.901100 0.002207 
9.910300 0.001956 
9.919500 0.002008 
9.928700 0.002066 
9.938000 0.002003 
9.947200 0.002022 
9.956400 0.001852 
9.965600 0.001935 
9.974800 0.002004 
9.984000 0.001980 
9.993200 0.002057 
10.002000 0.002054 
10.012000 0.002030 
10.021000 0.001958 
10.030000 0.001890 
10.039000 0.001940 
10.048000 0.001770 
10.058000 0.002009 
10.067000 0.001958 
10.076000 0.002166 
10.085000 0.002078 
10.095000 0.001861 
10.104000 0.001929 
10.113000 0.002052 
10.122000 0.001997 
10.131000 0.001846 
10.141000 0.001924 
10.150000 0.001829 
10.159000 0.002204 
10.168000 0.002006 
10.177000 0.002186 
10.187000 0.002130 
10.196000 0.001897 
10.205000 0.002120 
10.214000 0.001983 
10.223000 0.002001 
10.233000 0.001856 
10.242000 0.002052 
10.251000 0.002138 
10.260000 0.001893 
10.270000 0.001908 
10.279000 0.002006 
10.288000 0.002042 
10.297000 0.002086 
10.306000 0.002083 
10.316000 0.001999 
10.325000 0.001979 
10.334000 0.002103 
10.343000 0.001892 
10.352000 0.002013 
10.362000 0.002019 
10.371000 0.001959 
10.380000 0.002231 
10.389000 0.001999 
10.398000 0.002117 
10.408000 0.001998 
10.417000 0.002077 
10.426000 0.001948 
10.435000 0.002061 
10.445000 0.002064 
10.454000 0.002119 
10.463000 0.001961 
10.472000 0.002111 
10.481000 0.001757 
10.491000 0.002162 
10.500000 0.001903 
10.509000 0.001842 
10.518000 0.002083 
10.527000 0.002017 
10.537000 0.002006 
10.546000 0.001905 
10.555000 0.001897 
10.564000 0.001916 
10.573000 0.001971 
10.583000 0.002029 
10.592000 0.002074 
10.601000 0.002139 
10.610000 0.002004 
10.620000 0.002133 
10.629000 0.002105 
10.638000 0.001877 
10.647000 0.001951 
10.656000 0.001896 
10.666000 0.002005 
10.675000 0.001862 
10.684000 0.002103 
10.693000 0.002051 
10.702000 0.002005 
10.712000 0.001849 
10.721000 0.001896 
10.730000 0.002155 
10.739000 0.002005 
10.748000 0.002000 
10.758000 0.001951 
10.767000 0.001963 
10.776000 0.002128 
10.785000 0.002144 
10.795000 0.002057 
10.804000 0.002132 
10.813000 0.002192 
10.822000 0.002086 
10.831000 0.001878 
10.841000 0.001952 
10.850000 0.002057 
10.859000 0.002002 
10.868000 0.001939 
10.877000 0.002019 
10.887000 0.001816 
10.896000 0.001984 
10.905000 0.002050 
10.914000 0.002011 
10.923000 0.001920 
10.933000 0.001924 
10.942000 0.002210 
10.951000 0.002111 
10.960000 0.002093 
10.970000 0.002014 
10.979000 0.002013 
10.988000 0.001986 
10.997000 0.002042 
11.006000 0.002054 
11.016000 0.001827 
11.025000 0.002109 
11.034000 0.001925 
11.043000 0.001951 
11.052000 0.002054 
11.062000 0.001929 
11.071000 0.001927 
11.080000 0.002184 
11.089000 0.002111 
11.098000 0.002093 
11.108000 0.002065 
11.117000 0.002041 
11.126000 0.002155 
11.135000 0.001838 
11.145000 0.002056 
11.154000 0.001845 
11.163000 0.002060 
11.172000 0.002097 
11.181000 0.001995 
11.191000 0.002181 
11.200000 0.002088 
11.209000 0.001952 
11.218000 0.001992 
11.227000 0.001877 
11.237000 0.001857 
11.246000 0.002032 
11.255000 0.001948 
11.264000 0.002109 
11.273000 0.002069 
11.283000 0.001829 
11.292000 0.002116 
11.301000 0.001856 
11.310000 0.002023 
11.320000 0.002116 
11.329000 0.001912 
11.338000 0.001986 
11.347000 0.001990 
11.356000 0.001864 
11.366000 0.001998 
11.375000 0.001897 
11.384000 0.002071 
11.393000 0.001945 
11.402000 0.001976 
11.412000 0.001991 
11.421000 0.001993 
11.430000 0.001977 
11.439000 0.001846 
11.448000 0.001926 
11.458000 0.001978 
11.467000 0.002002 
11.476000 0.002169 
11.485000 0.001916 
11.495000 0.002042 
11.504000 0.002171 
11.513000 0.002157 
11.522000 0.002013 
11.531000 0.002107 
11.541000 0.002181 
11.550000 0.002272 
11.559000 0.001933 
11.568000 0.002053 
11.577000 0.001952 
11.587000 0.002060 
11.596000 0.001807 
11.605000 0.001788 
11.614000 0.001955 
11.623000 0.001900 
11.633000 0.001914 
11.642000 0.001953 
11.651000 0.002088 
11.660000 0.001886 
11.670000 0.002187 
11.679000 0.002039 
11.688000 0.001875 
11.697000 0.002126 
11.706000 0.002014 
11.716000 0.001935 
11.725000 0.001941 
11.734000 0.001933 
11.743000 0.002039 
11.752000 0.002035 
11.762000 0.001980 
11.771000 0.001954 
11.780000 0.002069 
11.789000 0.002132 
11.798000 0.001973 
11.808000 0.001905 
11.817000 0.002036 
11.826000 0.001958 
11.835000 0.002052 
11.844000 0.002028 
11.854000 0.001964 
11.863000 0.001851 
11.872000 0.001912 
11.881000 0.002108 
11.891000 0.001923 
11.900000 0.001989 
11.909000 0.002064 
11.918000 0.001921 
11.927000 0.001835 
11.937000 0.002010 
11.946000 0.001915 
11.955000 0.001815 
11.964000 0.001938 
11.973000 0.002072 
11.983000 0.001965 
11.992000 0.002019 
12.001000 0.001998 
12.010000 0.002145 
12.019000 0.002046 
12.029000 0.002056 
12.038000 0.001929 
12.047000 0.001984 
12.056000 0.002071 
12.066000 0.001978 
12.075000 0.001983 
12.084000 0.002000 
12.093000 0.001938 
12.102000 0.001901 
12.112000 0.002047 
12.121000 0.002018 
12.130000 0.001854 
12.139000 0.002014 
12.148000 0.002022 
12.158000 0.001870 
12.167000 0.002093 
12.176000 0.002054 
12.185000 0.002005 
12.194000 0.002063 
12.204000 0.001850 
12.213000 0.001906 
12.222000 0.001933 
12.231000 0.002119 
12.241000 0.001852 
12.250000 0.002093 
12.259000 0.001961 
12.268000 0.002122 
12.277000 0.002024 
12.287000 0.001985 
12.296000 0.002063 
12.305000 0.001871 
12.314000 0.002092 
12.323000 0.001992 
12.333000 0.002078 
12.342000 0.002024 
12.351000 0.002027 
12.360000 0.002040 
12.369000 0.001879 
12.379000 0.002009 
12.388000 0.001897 
12.397000 0.002033 
12.406000 0.002103 
12.416000 0.002057 
12.425000 0.001988 
12.434000 0.001921 
12.443000 0.001870 
12.452000 0.002018 
12.462000 0.002168 
12.471000 0.002022 
12.480000 0.002003 
12.489000 0.002067 
12.498000 0.001981 
12.508000 0.002059 
12.517000 0.001984 
12.526000 0.002094 
12.535000 0.001974 
12.544000 0.001941 
12.554000 0.002193 
12.563000 0.001929 
12.572000 0.001996 
12.581000 0.002034 
12.591000 0.001985 
12.600000 0.002006 
12.609000 0.001992 
12.618000 0.001768 
12.627000 0.001949 
12.637000 0.001985 
12.646000 0.001926 
12.655000 0.002056 
12.664000 0.001845 
12.673000 0.001962 
12.683000 0.001940 
12.692000 0.002078 
12.701000 0.002068 
12.710000 0.002033 
12.719000 0.002017 
12.729000 0.001908 
12.738000 0.002029 
12.747000 0.002054 
12.756000 0.002090 
12.766000 0.001976 
12.775000 0.002127 
12.784000 0.002128 
12.793000 0.002094 
12.802000 0.001925 
12.812000 0.002043 
12.821000 0.001878 
12.830000 0.002054 
12.839000 0.002018 
12.848000 0.001971 
12.858000 0.001935 
12.867000 0.001950 
12.876000 0.001828 
12.885000 0.001869 
12.894000 0.001880 
12.904000 0.001942 
12.913000 0.002036 
12.922000 0.001815 
12.931000 0.001995 
12.941000 0.001849 
12.950000 0.002004 
12.959000 0.002016 
12.968000 0.002058 
12.977000 0.001988 
12.987000 0.002029 
12.996000 0.002088 
13.005000 0.002043 
13.014000 0.002059 
13.023000 0.001911 
13.033000 0.002021 
13.042000 0.001998 
13.051000 0.001875 
13.060000 0.002150 
13.069000 0.001898 
13.079000 0.001989 
13.088000 0.002167 
13.097000 0.002040 
13.106000 0.001972 
13.116000 0.002096 
13.125000 0.002151 
13.134000 0.001973 
13.143000 0.002145 
13.152000 0.002091 
13.162000 0.002140 
13.171000 0.002114 
13.180000 0.002034 
13.189000 0.001879 
13.198000 0.002090 
13.208000 0.002060 
13.217000 0.001922 
13.226000 0.002050 
13.235000 0.001988 
13.244000 0.002052 
13.254000 0.002014 
13.263000 0.002137 
13.272000 0.001847 
13.281000 0.002079 
13.291000 0.002047 
13.300000 0.001978 
13.309000 0.001890 
13.318000 0.002066 
13.327000 0.001856 
13.337000 0.002094 
13.346000 0.002056 
13.355000 0.001857 
13.364000 0.002012 
13.373000 0.002065 
13.383000 0.001988 
13.392000 0.001891 
13.401000 0.002097 
13.410000 0.002134 
13.419000 0.001972 
13.429000 0.002049 
13.438000 0.002052 
13.447000 0.002210 
13.456000 0.002087 
13.466000 0.001978 
13.475000 0.002002 
13.484000 0.002022 
13.493000 0.002169 
13.502000 0.002132 
13.512000 0.002107 
13.521000 0.002034 
13.530000 0.002105 
13.539000 0.001810 
13.548000 0.001910 
13.558000 0.002029 
13.567000 0.002004 
13.576000 0.002114 
13.585000 0.001992 
13.594000 0.002213 
13.604000 0.001857 
13.613000 0.002043 
13.622000 0.002044 
13.631000 0.002003 
13.641000 0.002043 
13.650000 0.002160 
13.659000 0.001959 
13.668000 0.001859 
13.677000 0.002072 
13.687000 0.001933 
13.696000 0.002056 
13.705000 0.002030 
13.714000 0.002106 
13.723000 0.002026 
13.733000 0.002119 
13.742000 0.002077 
13.751000 0.001910 
13.760000 0.002128 
13.769000 0.001924 
13.779000 0.002088 
13.788000 0.002035 
13.797000 0.001970 
13.806000 0.001969 
13.816000 0.001897 
13.825000 0.001942 
13.834000 0.001970 
13.843000 0.002045 
13.852000 0.002225 
13.862000 0.001873 
13.871000 0.002187 
13.880000 0.002151 
13.889000 0.002026 
13.898000 0.001838 
13.908000 0.002033 
13.917000 0.001904 
13.926000 0.002013 
13.935000 0.001849 
13.944000 0.001856 
13.954000 0.001863 
13.963000 0.001885 
13.972000 0.001978 
13.981000 0.002100 
13.991000 0.002192 
14.000000 0.001954 
14.009000 0.002132 
14.018000 0.002062 
14.027000 0.001841 
14.037000 0.002004 
14.046000 0.001958 
14.055000 0.001824 
14.064000 0.001939 
14.073000 0.001946 
14.083000 0.002013 
14.092000 0.001978 
14.101000 0.001882 
14.110000 0.001993 
14.119000 0.001977 
14.129000 0.001995 
14.138000 0.002050 
14.147000 0.001860 
14.156000 0.001903 
14.166000 0.002138 
14.175000 0.002065 
14.184000 0.002025 
14.193000 0.002012 
14.202000 0.001984 
14.212000 0.002093 
14.221000 0.001930 
14.230000 0.001931 
14.239000 0.002023 
14.248000 0.002024 
14.258000 0.002028 
14.267000 0.001945 
14.276000 0.001915 
14.285000 0.002071 
14.294000 0.002094 
14.304000 0.002070 
14.313000 0.002099 
14.322000 0.001911 
14.331000 0.001961 
14.340000 0.001985 
14.350000 0.002203 
14.359000 0.002032 
14.368000 0.002076 
14.377000 0.002063 
14.387000 0.001885 
14.396000 0.001890 
14.405000 0.001903 
14.414000 0.002007 
14.423000 0.001909 
14.433000 0.002031 
14.442000 0.002045 
14.451000 0.001968 
14.460000 0.002067 
14.469000 0.001977 
14.479000 0.002059 
14.488000 0.001831 
14.497000 0.002054 
14.506000 0.002111 
14.515000 0.001887 
14.525000 0.002002 
14.534000 0.001981 
14.543000 0.001938 
14.552000 0.002037 
14.562000 0.001904 
14.571000 0.002002 
14.580000 0.001769 
14.589000 0.002082 
14.598000 0.002150 
14.608000 0.001866 
14.617000 0.002274 
14.626000 0.001952 
14.635000 0.002053 
14.644000 0.002003 
14.654000 0.002079 
14.663000 0.001905 
14.672000 0.002124 
14.681000 0.002110 
14.690000 0.001886 
14.700000 0.002065 
14.709000 0.002041 
14.718000 0.001952 
14.727000 0.001749 
14.737000 0.002047 
14.746000 0.002096 
14.755000 0.002132 
14.764000 0.002007 
14.773000 0.002058 
14.783000 0.001895 
14.792000 0.001952 
14.801000 0.001904 
14.810000 0.002140 
14.819000 0.001863 
14.829000 0.002229 
14.838000 0.002164 
14.847000 0.002066 
14.856000 0.001989 
14.865000 0.001925 
14.875000 0.001830 
14.884000 0.001995 
14.893000 0.001754 
14.902000 0.002226 
14.912000 0.001864 
14.921000 0.001974 
14.930000 0.002072 
14.939000 0.001952 
14.948000 0.002081 
14.958000 0.002164 
14.967000 0.002109 
14.976000 0.002103 
14.985000 0.002010 
14.994000 0.002130 
15.004000 0.002102 
15.013000 0.002017 
15.022000 0.001954 
15.031000 0.002032 
15.040000 0.001944 
15.050000 0.001918 
15.059000 0.002161 
15.068000 0.001957 
15.077000 0.001890 
15.087000 0.001953 
15.096000 0.001947 
15.105000 0.001858 
15.114000 0.001843 
15.123000 0.002133 
15.133000 0.001969 
15.142000 0.002157 
15.151000 0.001984 
15.160000 0.002006 
15.169000 0.001853 
15.179000 0.001985 
15.188000 0.002136 
15.197000 0.001842 
15.206000 0.002012 
15.215000 0.002142 
15.225000 0.002026 
15.234000 0.002098 
15.243000 0.001784 
15.252000 0.002044 
15.262000 0.001953 
15.271000 0.002102 
15.280000 0.001981 
15.289000 0.001957 
15.298000 0.001933 
15.308000 0.001852 
15.317000 0.001831 
15.326000 0.001973 
15.335000 0.002224 
15.344000 0.002039 
15.354000 0.001965 
15.363000 0.001965 
15.372000 0.001996 
15.381000 0.002041 
15.390000 0.001804 
15.400000 0.001978 
15.409000 0.002145 
15.418000 0.001992 
15.427000 0.001865 
15.437000 0.002016 
15.446000 0.002166 
15.455000 0.001870 
15.464000 0.002023 
15.473000 0.002035 
15.483000 0.002053 
15.492000 0.002133 
15.501000 0.001872 
15.510000 0.001865 
15.519000 0.002009 
15.529000 0.001967 
15.538000 0.002009 
15.547000 0.002051 
15.556000 0.001963 
15.565000 0.002174 
15.575000 0.002052 
15.584000 0.002147 
15.593000 0.002020 
15.602000 0.001809 
15.612000 0.001988 
15.621000 0.001995 
15.630000 0.002173 
15.639000 0.002013 
15.648000 0.001803 
15.658000 0.002044 
15.667000 0.001939 
15.676000 0.001925 
15.685000 0.002008 
15.694000 0.002018 
15.704000 0.002021 
15.713000 0.002015 
15.722000 0.001847 
15.731000 0.001979 
15.740000 0.001904 
15.750000 0.002091 
15.759000 0.002053 
15.768000 0.001981 
15.777000 0.002038 
15.787000 0.002010 
15.796000 0.001902 
15.805000 0.001982 
15.814000 0.001979 
15.823000 0.001999 
15.833000 0.001960 
15.842000 0.002024 
15.851000 0.002107 
15.860000 0.002041 
15.869000 0.001952 
15.879000 0.002095 
15.888000 0.001938 
15.897000 0.001899 
15.906000 0.001819 
15.915000 0.001949 
15.925000 0.002042 
15.934000 0.002026 
15.943000 0.001835 
15.952000 0.002087 
15.962000 0.002145 
15.971000 0.002021 
15.980000 0.001883 
15.989000 0.001904 
