0.000000 -0.052419 
0.030701 -0.147610 
0.061402 0.059179 
0.092103 -0.034058 
0.122800 0.002146 
0.153510 0.082760 
0.184210 -0.006971 
0.214910 0.040406 
0.245610 -0.020932 
0.276310 0.100810 
0.307010 -0.037557 
0.337710 -0.287480 
0.368410 -0.006180 
0.399110 -0.029645 
0.429820 0.183640 
0.460520 0.174800 
0.491220 -0.043063 
0.521920 0.170270 
0.552620 0.099840 
0.583320 0.090547 
0.614020 0.011061 
0.644720 -0.038102 
0.675420 -0.036247 
0.706130 0.042982 
0.736830 0.054501 
0.767530 0.038446 
0.798230 0.056085 
0.828930 -0.091011 
0.859630 -0.115700 
0.890330 -0.052053 
0.921030 -0.080284 
0.951740 0.070922 
0.982440 -0.081841 
1.013100 0.057775 
1.043800 0.169820 
1.074500 -0.088378 
1.105200 0.058169 
1.135900 -0.005102 
1.166600 -0.033313 
1.197300 0.094455 
1.228000 0.001399 
1.258700 -0.008228 
1.289400 0.099652 
1.320100 -0.015899 
1.350800 -0.080087 
1.381600 0.045656 
1.412300 0.145550 
1.443000 0.023171 
1.473700 -0.038035 
1.504400 -0.219520 
1.535100 0.194690 
1.565800 0.168150 
1.596500 0.104010 
1.627200 0.112100 
1.657900 -0.079630 
1.688600 0.024043 
1.719300 -0.000022 
1.750000 0.117390 
1.780700 -0.033101 
1.811400 0.070477 
1.842100 0.026293 
1.872800 0.159690 
1.903500 0.073320 
1.934200 0.096536 
1.964900 0.085947 
1.995600 -0.012560 
2.026300 0.130110 
2.057000 0.179860 
2.087700 -0.014294 
2.118400 0.159730 
2.149100 0.025703 
2.179800 0.039791 
2.210500 0.146460 
2.241200 0.309200 
2.271900 0.437180 
2.302600 0.338430 
2.333300 0.341760 
2.364000 0.502400 
2.394700 0.462070 
2.425400 0.547910 
2.456100 0.645180 
2.486800 0.763330 
2.517500 0.770020 
2.548200 0.689030 
2.578900 0.958990 
2.609600 0.887630 
2.640300 0.994370 
2.671000 0.925410 
2.701700 0.980870 
2.732400 0.902400 
2.763100 1.085200 
2.793800 1.364700 
2.824500 1.219700 
2.855200 1.452600 
2.885900 1.302500 
2.916600 1.298100 
2.947300 1.274500 
2.978000 1.433800 
3.008700 1.379500 
3.039400 1.297700 
3.070100 1.499100 
3.100800 1.687500 
3.131500 1.530500 
3.162200 1.522600 
3.192900 1.635600 
3.223600 1.330400 
3.254300 1.574900 
3.285000 1.425200 
3.315700 1.382600 
3.346400 1.735500 
3.377100 1.683400 
3.407800 1.709700 
3.438500 1.696500 
3.469200 1.781600 
3.499900 1.780000 
3.530600 1.854000 
3.561300 1.807700 
3.592000 1.770200 
3.622700 1.877900 
3.653400 1.878600 
3.684100 1.828200 
3.714800 1.873400 
3.745500 1.951300 
3.776200 1.899900 
3.806900 1.791600 
3.837600 1.882100 
3.868300 1.903900 
3.899000 2.072300 
3.929700 1.933700 
3.960400 2.047200 
3.991100 1.736100 
4.021800 1.865100 
4.052500 1.885600 
4.083300 1.993900 
4.114000 1.909400 
4.144700 1.882500 
4.175400 2.053800 
4.206100 2.060800 
4.236800 1.865400 
4.267500 2.008500 
4.298200 1.953000 
4.328900 1.994600 
4.359600 1.842600 
4.390300 1.902100 
4.421000 1.894300 
4.451700 1.858100 
4.482400 2.056200 
4.513100 2.000100 
4.543800 2.078900 
4.574500 1.979500 
4.605200 2.157500 
4.635900 1.928700 
4.666600 2.025900 
4.697300 2.151600 
4.728000 1.782400 
4.758700 2.179800 
4.789400 2.047900 
4.820100 1.842200 
4.850800 2.116100 
4.881500 2.024700 
4.912200 1.955700 
4.942900 2.007100 
4.973600 2.097100 
5.004300 1.889800 
5.035000 2.039600 
5.065700 1.880700 
5.096400 2.210300 
5.127100 2.052700 
5.157800 1.991900 
5.188500 1.991400 
5.219200 1.967900 
5.249900 2.062800 
5.280600 2.082200 
5.311300 2.084100 
5.342000 2.165100 
5.372700 1.869700 
5.403400 1.965700 
5.434100 2.005300 
5.464800 1.868900 
5.495500 2.061800 
5.526200 1.957200 
5.556900 1.909100 
5.587600 2.147900 
5.618300 1.921200 
5.649000 1.764000 
5.679700 2.040600 
5.710400 2.054800 
5.741100 1.941900 
5.771800 1.896700 
5.802500 2.144500 
5.833200 1.805800 
5.863900 1.858900 
5.894600 1.750700 
5.925300 2.014100 
5.956000 1.942500 
5.986700 2.014500 
6.017400 1.974300 
6.048100 2.003800 
6.078800 1.914700 
6.109500 2.117800 
6.140200 1.978500 
6.170900 2.066000 
6.201600 1.874800 
6.232300 2.073600 
6.263000 1.943600 
6.293700 2.191900 
6.324400 1.895600 
6.355100 1.843800 
6.385800 1.897800 
6.416500 1.931200 
6.447200 2.029800 
6.477900 2.029400 
6.508600 2.076100 
6.539300 1.891300 
6.570000 1.956400 
6.600700 2.048900 
6.631400 2.036000 
6.662100 1.987700 
6.692800 2.109900 
6.723500 1.869800 
6.754200 1.848300 
6.785000 2.103900 
6.815700 1.847200 
6.846400 1.872400 
6.877100 2.058000 
6.907800 2.028100 
6.938500 1.990600 
6.969200 2.151100 
6.999900 1.946800 
7.030600 2.035400 
7.061300 2.358300 
7.092000 1.872000 
7.122700 2.054300 
7.153400 2.068400 
7.184100 1.907900 
7.214800 2.037200 
7.245500 1.930200 
7.276200 2.045800 
7.306900 2.036800 
7.337600 1.903200 
7.368300 2.170200 
7.399000 1.840600 
7.429700 2.010800 
7.460400 1.922200 
7.491100 2.107900 
7.521800 2.047000 
7.552500 1.988000 
7.583200 2.049800 
7.613900 1.952200 
7.644600 1.903500 
7.675300 2.059300 
7.706000 1.948800 
7.736700 2.004000 
7.767400 2.032200 
7.798100 1.861200 
7.828800 2.141400 
7.859500 1.927500 
7.890200 1.855300 
7.920900 2.024000 
7.951600 1.939800 
7.982300 2.102900 
