0.000000 0.015135 
0.046052 -0.003781 
0.092103 0.011573 
0.138160 0.000270 
0.184210 -0.013457 
0.230260 -0.002762 
0.276310 -0.014904 
0.322360 0.018887 
0.368410 -0.004779 
0.414470 -0.008617 
0.460520 0.000044 
0.506570 -0.002020 
0.552620 0.009214 
0.598670 0.000041 
0.644720 -0.019074 
0.690780 0.021296 
0.736830 0.022003 
0.782880 0.014031 
0.828930 -0.014584 
0.874980 -0.008535 
0.921030 0.002793 
0.967090 -0.017038 
1.013100 -0.023161 
1.059200 -0.056799 
1.105200 -0.079713 
1.151300 -0.104580 
1.197300 -0.118030 
1.243400 -0.128340 
1.289400 -0.149070 
1.335500 -0.157760 
1.381600 -0.139740 
1.427600 -0.114590 
1.473700 -0.116940 
1.519700 -0.086277 
1.565800 -0.089769 
1.611800 -0.043358 
1.657900 -0.021685 
1.703900 0.010346 
1.750000 0.032805 
1.796000 0.070545 
1.842100 0.084633 
1.888100 0.111420 
1.934200 0.164190 
1.980200 0.204210 
2.026300 0.212040 
2.072300 0.247730 
2.118400 0.276110 
2.164400 0.314190 
2.210500 0.362520 
2.256500 0.362970 
2.302600 0.406960 
2.348600 0.428550 
2.394700 0.454760 
2.440700 0.485830 
2.486800 0.510700 
2.532800 0.537450 
2.578900 0.550670 
2.624900 0.574770 
2.671000 0.603120 
2.717100 0.626150 
2.763100 0.644000 
2.809200 0.660330 
2.855200 0.672430 
2.901300 0.677530 
2.947300 0.677780 
2.993400 0.713690 
3.039400 0.713330 
3.085500 0.716940 
3.131500 0.722920 
3.177600 0.734030 
3.223600 0.746610 
3.269700 0.762190 
3.315700 0.760770 
3.361800 0.752110 
3.407800 0.752820 
3.453900 0.753920 
3.499900 0.758410 
3.546000 0.749310 
3.592000 0.754890 
3.638100 0.747560 
3.684100 0.746130 
3.730200 0.743710 
3.776200 0.755610 
3.822300 0.752170 
3.868300 0.741100 
3.914400 0.751130 
3.960400 0.736830 
4.006500 0.735890 
4.052500 0.736520 
4.098600 0.722040 
4.144700 0.716310 
4.190700 0.731040 
4.236800 0.715960 
4.282800 0.716290 
4.328900 0.718230 
4.374900 0.698950 
4.421000 0.695730 
4.467000 0.700900 
4.513100 0.691170 
4.559100 0.679210 
4.605200 0.699350 
4.651200 0.682080 
4.697300 0.694650 
4.743300 0.670240 
4.789400 0.676470 
4.835400 0.677820 
4.881500 0.668540 
4.927500 0.683420 
4.973600 0.664480 
5.019600 0.646820 
5.065700 0.677190 
5.111700 0.642270 
5.157800 0.655300 
5.203800 0.656380 
5.249900 0.662760 
5.295900 0.655670 
5.342000 0.668500 
5.388000 0.659630 
5.434100 0.650910 
5.480200 0.663140 
5.526200 0.653000 
5.572300 0.658190 
5.618300 0.656580 
5.664400 0.653810 
5.710400 0.679950 
5.756500 0.648380 
5.802500 0.656230 
5.848600 0.658030 
5.894600 0.666250 
5.940700 0.655710 
5.986700 0.666780 
6.032800 0.646250 
6.078800 0.675260 
6.124900 0.661610 
6.170900 0.657630 
6.217000 0.644630 
6.263000 0.647230 
6.309100 0.654470 
6.355100 0.636700 
6.401200 0.660210 
6.447200 0.650550 
6.493300 0.673500 
6.539300 0.680430 
6.585400 0.656310 
6.631400 0.664810 
6.677500 0.660110 
6.723500 0.648740 
6.769600 0.669900 
6.815700 0.654030 
6.861700 0.641340 
6.907800 0.667050 
6.953800 0.660220 
6.999900 0.661500 
7.045900 0.649800 
7.092000 0.668080 
7.138000 0.662060 
7.184100 0.660900 
7.230100 0.659270 
7.276200 0.672560 
7.322200 0.682540 
7.368300 0.649590 
7.414300 0.671650 
7.460400 0.665100 
7.506400 0.665170 
7.552500 0.675390 
7.598500 0.667440 
7.644600 0.663990 
7.690600 0.678720 
7.736700 0.665090 
7.782700 0.665170 
7.828800 0.688870 
7.874800 0.659790 
7.920900 0.663490 
7.966900 0.677890 
8.013000 0.679460 
8.059000 0.663210 
8.105100 0.655630 
8.151200 0.678230 
8.197200 0.671760 
8.243300 0.673100 
8.289300 0.662560 
8.335400 0.678880 
8.381400 0.659530 
8.427500 0.672050 
8.473500 0.665410 
