0.000000 0.011452 
0.046052 0.013003 
0.092103 0.003127 
0.138160 0.026923 
0.184210 0.045960 
0.230260 0.057697 
0.276310 0.105700 
0.322360 0.105820 
0.368410 0.144300 
0.414470 0.190150 
0.460520 0.228720 
0.506570 0.253840 
0.552620 0.315480 
0.598670 0.342480 
0.644720 0.376260 
0.690780 0.426680 
0.736830 0.461120 
0.782880 0.487420 
0.828930 0.525830 
0.874980 0.587140 
0.921030 0.617030 
0.967090 0.645310 
1.013100 0.702390 
1.059200 0.734220 
1.105200 0.754140 
1.151300 0.806270 
1.197300 0.818620 
1.243400 0.852540 
1.289400 0.877510 
1.335500 0.909000 
1.381600 0.941580 
1.427600 0.954210 
1.473700 0.974100 
1.519700 0.991460 
1.565800 0.999450 
1.611800 1.020100 
1.657900 1.024700 
1.703900 1.059200 
1.750000 1.058500 
1.796000 1.057900 
1.842100 1.086200 
1.888100 1.089100 
1.934200 1.098000 
1.980200 1.098800 
2.026300 1.091200 
2.072300 1.088900 
2.118400 1.102100 
2.164400 1.116300 
2.210500 1.096900 
2.256500 1.112700 
2.302600 1.115200 
2.348600 1.109400 
2.394700 1.114800 
2.440700 1.107400 
2.486800 1.098000 
2.532800 1.084200 
2.578900 1.069600 
2.624900 1.087800 
2.671000 1.073100 
2.717100 1.084800 
2.763100 1.089200 
2.809200 1.070400 
2.855200 1.055800 
2.901300 1.046200 
2.947300 1.058700 
2.993400 1.051600 
3.039400 1.058500 
3.085500 1.042800 
3.131500 1.049300 
3.177600 1.041900 
3.223600 1.046600 
3.269700 1.036400 
3.315700 1.015200 
3.361800 1.025800 
3.407800 1.001000 
3.453900 1.006900 
3.499900 1.007900 
3.546000 1.002400 
3.592000 1.011300 
3.638100 0.994220 
3.684100 1.025500 
3.730200 1.008400 
3.776200 1.008500 
3.822300 1.009700 
3.868300 0.966650 
3.914400 0.990150 
3.960400 0.994000 
4.006500 0.998640 
4.052500 1.010500 
4.098600 0.994470 
4.144700 0.991360 
4.190700 1.002600 
4.236800 0.991770 
4.282800 0.986500 
4.328900 0.978800 
4.374900 0.971090 
4.421000 0.982660 
4.467000 0.982340 
4.513100 0.983430 
4.559100 0.988870 
4.605200 0.999780 
4.651200 0.982000 
4.697300 0.975040 
4.743300 0.988710 
4.789400 0.981670 
4.835400 1.006900 
4.881500 1.001500 
4.927500 1.017100 
4.973600 0.982180 
5.019600 0.998370 
5.065700 0.997260 
5.111700 0.987500 
5.157800 1.003200 
5.203800 0.991980 
5.249900 0.985160 
5.295900 0.997650 
5.342000 0.986760 
5.388000 0.988690 
5.434100 0.994740 
5.480200 0.996440 
5.526200 0.989740 
5.572300 0.982300 
5.618300 1.001300 
5.664400 1.012400 
5.710400 1.001400 
5.756500 0.988900 
5.802500 1.008000 
5.848600 0.996400 
5.894600 1.015000 
5.940700 1.003000 
5.986700 0.986050 
6.032800 0.994650 
6.078800 1.014500 
6.124900 1.012900 
6.170900 0.994520 
6.217000 1.003100 
6.263000 0.996750 
6.309100 0.986850 
6.355100 0.984760 
6.401200 1.020300 
6.447200 1.003700 
6.493300 1.007700 
6.539300 0.991610 
6.585400 1.013900 
6.631400 0.998660 
6.677500 0.992360 
6.723500 0.985590 
6.769600 0.995680 
6.815700 1.001200 
6.861700 1.013000 
