0.000000 0.013451 
0.004605 0.050520 
0.009210 0.097660 
0.013816 0.132080 
0.018421 0.153380 
0.023026 0.212240 
0.027631 0.241580 
0.032236 0.277970 
0.036841 0.309270 
0.041447 0.327720 
0.046052 0.377100 
0.050657 0.390850 
0.055262 0.423330 
0.059867 0.438890 
0.064472 0.467470 
0.069078 0.472980 
0.073683 0.525680 
0.078288 0.539840 
0.082893 0.567700 
0.087498 0.572020 
0.092103 0.596570 
0.096709 0.610360 
0.101310 0.630610 
0.105920 0.652760 
0.110520 0.670280 
0.115130 0.685650 
0.119730 0.713030 
0.124340 0.722960 
0.128940 0.724810 
0.133550 0.737060 
0.138160 0.751700 
0.142760 0.761820 
0.147370 0.780820 
0.151970 0.794950 
0.156580 0.794560 
0.161180 0.806550 
0.165790 0.807320 
0.170390 0.796850 
0.175000 0.827340 
0.179600 0.814360 
0.184210 0.836990 
0.188810 0.868920 
0.193420 0.866380 
0.198020 0.848780 
0.202630 0.863850 
0.207230 0.872610 
0.211840 0.868820 
0.216440 0.885600 
0.221050 0.892320 
0.225650 0.889080 
0.230260 0.896610 
0.234860 0.909210 
0.239470 0.915680 
0.244070 0.913730 
0.248680 0.913000 
0.253280 0.929230 
0.257890 0.921980 
0.262490 0.928390 
0.267100 0.937340 
0.271710 0.939710 
0.276310 0.944140 
0.280920 0.937050 
0.285520 0.959680 
0.290130 0.944410 
0.294730 0.946200 
0.299340 0.949420 
0.303940 0.941850 
0.308550 0.951410 
0.313150 0.961390 
0.317760 0.967990 
0.322360 0.944710 
0.326970 0.960710 
0.331570 0.950040 
0.336180 0.941990 
0.340780 0.980050 
0.345390 0.977950 
0.349990 0.968630 
0.354600 0.988930 
0.359200 0.972410 
0.363810 0.978650 
0.368410 0.980710 
0.373020 0.972040 
0.377620 0.959820 
0.382230 0.984400 
0.386830 0.978390 
0.391440 0.966850 
0.396040 0.974540 
0.400650 0.985350 
0.405250 0.970670 
0.409860 0.975460 
0.414470 0.985900 
0.419070 0.986910 
0.423680 0.978680 
0.428280 0.984750 
0.432890 0.993020 
0.437490 0.973910 
0.442100 0.989960 
0.446700 0.990410 
0.451310 0.982990 
0.455910 0.985840 
0.460520 0.987090 
0.465120 0.987690 
0.469730 0.984860 
0.474330 0.995920 
0.478940 0.998490 
0.483540 0.983890 
0.488150 0.998970 
0.492750 0.976960 
0.497360 0.990670 
0.501960 0.996590 
0.506570 0.983000 
0.511170 1.003600 
0.515780 0.987530 
0.520380 0.980660 
0.524990 1.009800 
0.529590 1.001500 
0.534200 1.004200 
0.538800 1.031600 
0.543410 0.980630 
0.548020 1.002300 
0.552620 0.996370 
0.557230 1.009000 
0.561830 1.010200 
0.566440 1.009100 
0.571040 1.000500 
0.575650 0.985060 
0.580250 0.988940 
0.584860 1.000900 
0.589460 1.007500 
0.594070 1.015300 
0.598670 0.976420 
0.603280 0.986130 
0.607880 0.996610 
0.612490 1.011900 
0.617090 0.987580 
0.621700 1.006100 
0.626300 0.996800 
0.630910 1.016400 
0.635510 1.003500 
0.640120 0.995000 
0.644720 0.996600 
0.649330 1.007800 
0.653930 1.007900 
0.658540 1.001400 
0.663140 1.016400 
0.667750 0.992770 
0.672350 1.018700 
0.676960 0.990280 
0.681570 0.994610 
0.686170 1.014500 
0.690780 0.999140 
0.695380 0.993830 
0.699990 1.001000 
0.704590 0.992060 
0.709200 1.010300 
0.713800 0.988770 
0.718410 0.987410 
0.723010 1.000300 
0.727620 1.003400 
0.732220 0.998820 
0.736830 1.002200 
0.741430 0.994190 
0.746040 1.001400 
0.750640 0.992500 
0.755250 1.023500 
0.759850 0.997050 
0.764460 0.991690 
0.769060 1.002400 
0.773670 1.005700 
0.778270 1.009500 
0.782880 1.004700 
0.787480 1.021300 
0.792090 0.996570 
0.796690 1.019500 
0.801300 1.013100 
0.805900 1.007600 
0.810510 0.991240 
0.815120 0.995000 
0.819720 1.000100 
0.824330 1.008900 
0.828930 1.001600 
0.833540 1.004500 
0.838140 0.995990 
0.842750 1.002400 
0.847350 0.990950 
0.851960 0.996230 
0.856560 1.012800 
0.861170 1.004500 
0.865770 0.981240 
0.870380 1.005600 
0.874980 0.994050 
0.879590 0.998460 
0.884190 1.013200 
0.888800 1.011600 
0.893400 0.988820 
0.898010 1.011900 
